shape_id,shape_pt_lat,shape_pt_lon,shape_pt_sequence
SHP_L1P_0,45.184016,18.004170,1
SHP_L1P_0,45.184570,18.004012,2
SHP_L1P_0,45.185253,18.003902,3
SHP_L1P_0,45.185453,18.003915,4
SHP_L1P_0,45.185703,18.003891,5
SHP_L1P_0,45.186421,18.003716,6
SHP_L1P_0,45.187436,18.003169,7
SHP_L1P_0,45.187773,18.003022,8
SHP_L1P_0,45.188126,18.003145,9
SHP_L1P_0,45.188742,18.002695,10
SHP_L1P_0,45.189198,18.002587,11
SHP_L1P_0,45.189396,18.002271,12
SHP_L1P_0,45.189676,18.002131,13
SHP_L1P_0,45.189786,18.001927,14
SHP_L1P_0,45.189829,18.001565,15
SHP_L1P_0,45.189984,18.001461,16
SHP_L1P_0,45.190056,18.001356,17
SHP_L1P_0,45.190060,18.001125,18
SHP_L1P_0,45.190381,18.000999,19
SHP_L1P_0,45.190643,18.000659,20
SHP_L1P_0,45.191081,18.000289,21
SHP_L1P_0,45.191625,18.000176,22
SHP_L1P_0,45.191962,17.999865,23
SHP_L1P_0,45.192997,17.998344,24
SHP_L1P_0,45.193365,17.998100,25
SHP_L1P_0,45.194041,17.996963,26
SHP_L1P_0,45.194181,17.996791,27
SHP_L1P_0,45.194292,17.996582,28
SHP_L1P_0,45.194296,17.996432,29
SHP_L1P_0,45.194283,17.996230,30
SHP_L1P_0,45.194286,17.995616,31
SHP_L1P_0,45.194251,17.995402,32
SHP_L1P_0,45.194114,17.995128,33
SHP_L1P_0,45.193959,17.994873,34
SHP_L1P_0,45.193302,17.993985,35
SHP_L1P_0,45.192978,17.993473,36
SHP_L1P_0,45.192757,17.993245,37
SHP_L1P_0,45.192321,17.993079,38
SHP_L1P_0,45.191948,17.992816,39
SHP_L1P_0,45.191709,17.992768,40
SHP_L1P_0,45.191445,17.992805,41
SHP_L1P_0,45.191222,17.992993,42
SHP_L1P_0,45.191028,17.993170,43
SHP_L1P_0,45.190901,17.993221,44
SHP_L1P_0,45.190764,17.993240,45
SHP_L1P_0,45.190604,17.993296,46
SHP_L1P_0,45.190478,17.993390,47
SHP_L1P_0,45.190393,17.993495,48
SHP_L1P_0,45.189691,17.994514,49
SHP_L1P_0,45.189279,17.994881,50
SHP_L1P_0,45.188839,17.995225,51
SHP_L1P_0,45.188567,17.995289,52
SHP_L1P_0,45.188011,17.995608,53
SHP_L1P_0,45.187244,17.995788,54
SHP_L1P_0,45.186795,17.996053,55
SHP_L1P_0,45.186313,17.996153,56
SHP_L1P_0,45.185926,17.996010,57
SHP_L1P_0,45.185765,17.995898,58
SHP_L1P_0,45.185549,17.995654,59
SHP_L1P_0,45.184666,17.995343,60
SHP_L1P_0,45.183918,17.995455,61
SHP_L1P_0,45.183699,17.995439,62
SHP_L1P_0,45.183535,17.995396,63
SHP_L1P_0,45.182470,17.995890,64
SHP_L1P_0,45.182417,17.995943,65
SHP_L1P_0,45.182392,17.995997,66
SHP_L1P_0,45.182371,17.996120,67
SHP_L1P_0,45.182404,17.996426,68
SHP_L1P_0,45.182476,17.996732,69
SHP_L1P_0,45.182742,17.997392,70
SHP_L1P_0,45.183021,17.998046,71
SHP_L1P_0,45.183131,17.998390,72
SHP_L1P_0,45.183217,17.998754,73
SHP_L1P_0,45.183752,18.001541,74
SHP_L1P_0,45.183819,18.001978,75
SHP_L1P_0,45.183913,18.003421,76
SHP_L1P_0,45.183948,18.003824,77
SHP_L1P_0,45.184014,18.004167,78
SHP_L1P_0,45.184223,18.005272,79
SHP_L1P_0,45.184281,18.006704,80
SHP_L1P_0,45.184294,18.006930,81
SHP_L1P_0,45.184355,18.007147,82
SHP_L1P_0,45.184440,18.007362,83
SHP_L1P_0,45.184551,18.007587,84
SHP_L1P_0,45.185372,18.009151,85
SHP_L1P_0,45.185932,18.010422,86
SHP_L1P_0,45.186839,18.012509,87
SHP_L1P_0,45.188892,18.017380,88
SHP_L1P_0,45.189835,18.019563,89
SHP_L1P_0,45.190024,18.020247,90
SHP_L1P_0,45.190185,18.021103,91
SHP_L1P_0,45.190348,18.022690,92
SHP_L1P_0,45.190461,18.024074,93
SHP_L1P_0,45.190449,18.025185,94
SHP_L1P_0,45.190408,18.026250,95
SHP_L1P_0,45.190303,18.028028,96
SHP_L1P_0,45.190311,18.029130,97
SHP_L1P_0,45.190725,18.029136,98
SHP_L1P_0,45.191921,18.029240,99
SHP_L1P_0,45.192546,18.029348,100
SHP_L1P_0,45.193092,18.029063,101
SHP_L1P_0,45.193411,18.028927,102
SHP_L1P_0,45.193562,18.028905,103
SHP_L1P_0,45.193708,18.028961,104
SHP_L1P_0,45.193803,18.029061,105
SHP_L1P_0,45.194094,18.029726,106
SHP_L1P_0,45.194252,18.029820,107
SHP_L1P_0,45.195648,18.030539,108
SHP_L1P_0,45.195867,18.030581,109
SHP_L1P_0,45.196264,18.030490,110
SHP_L1P_0,45.196638,18.030463,111
SHP_L1P_0,45.196914,18.030539,112
SHP_L1P_0,45.197152,18.030683,113
SHP_L1P_0,45.197258,18.030657,114
SHP_L1P_0,45.197784,18.030345,115
SHP_L1P_0,45.198116,18.030217,116
SHP_L1P_0,45.198358,18.030286,117
SHP_L1P_0,45.198554,18.030442,118
SHP_L1P_0,45.198702,18.030667,119
SHP_L1P_0,45.198874,18.030906,120
SHP_L1P_0,45.198989,18.030949,121
SHP_L1P_0,45.199205,18.030952,122
SHP_L1P_0,45.199458,18.030895,123
SHP_L1P_0,45.199756,18.030927,124
SHP_L1P_0,45.199900,18.030914,125
SHP_L1P_0,45.200248,18.030820,126
SHP_L1P_0,45.200681,18.030568,127
SHP_L1P_0,45.201095,18.030160,128
SHP_L1P_0,45.201465,18.029667,129
SHP_L1P_0,45.201718,18.029042,130
SHP_L1P_0,45.201952,18.028095,131
SHP_L1P_0,45.202043,18.027159,132
SHP_L1P_0,45.201990,18.027116,133
SHP_L1P_0,45.201416,18.026376,134
SHP_L1P_0,45.201303,18.026188,135
SHP_L1P_0,45.201265,18.025619,136
SHP_L1P_0,45.201163,18.025035,137
SHP_L1P_0,45.201114,18.024943,138
SHP_L1P_0,45.200289,18.023946,139
SHP_L1P_0,45.200112,18.023661,140
SHP_L1P_0,45.200048,18.023441,141
SHP_L1P_0,45.200036,18.023275,142
SHP_L1P_0,45.200131,18.022980,143
SHP_L1P_0,45.200127,18.022894,144
SHP_L1P_0,45.199481,18.023077,145
SHP_L1P_0,45.198158,18.023736,146
SHP_L1P_0,45.197780,18.024042,147
SHP_L1P_0,45.197690,18.024176,148
SHP_L1P_0,45.196902,18.024670,149
SHP_L1P_0,45.196427,18.024793,150
SHP_L1P_0,45.196249,18.024938,151
SHP_L1P_0,45.196136,18.025131,152
SHP_L1P_0,45.195908,18.025357,153
SHP_L1P_0,45.195734,18.025437,154
SHP_L1P_0,45.195519,18.025475,155
SHP_L1P_0,45.195168,18.025464,156
SHP_L1P_0,45.195005,18.025410,157
SHP_L1P_0,45.194865,18.025308,158
SHP_L1P_0,45.193686,18.024514,159
SHP_L1P_0,45.193406,18.024724,160
SHP_L1P_0,45.193104,18.025002,161
SHP_L1P_0,45.192847,18.025110,162
SHP_L1P_0,45.192163,18.025185,163
SHP_L1P_0,45.191311,18.025196,164
SHP_L1P_0,45.190445,18.025180,165
SHP_L1_0,45.161865,18.013957,1
SHP_L1_0,45.162084,18.011865,2
SHP_L1_0,45.162092,18.011677,3
SHP_L1_0,45.162109,18.011559,4
SHP_L1_0,45.162145,18.011393,5
SHP_L1_0,45.162203,18.011345,6
SHP_L1_0,45.162247,18.011267,7
SHP_L1_0,45.162233,18.011133,8
SHP_L1_0,45.162184,18.011036,9
SHP_L1_0,45.162112,18.010996,10
SHP_L1_0,45.162029,18.010993,11
SHP_L1_0,45.161940,18.011050,12
SHP_L1_0,45.161828,18.011130,13
SHP_L1_0,45.161547,18.011111,14
SHP_L1_0,45.161454,18.011119,15
SHP_L1_0,45.160202,18.010966,16
SHP_L1_0,45.159832,18.010865,17
SHP_L1_0,45.159773,18.010811,18
SHP_L1_0,45.159714,18.010824,19
SHP_L1_0,45.159622,18.010873,20
SHP_L1_0,45.156800,18.010519,21
SHP_L1_0,45.156550,18.010427,22
SHP_L1_0,45.155969,18.010342,23
SHP_L1_0,45.155820,18.010285,24
SHP_L1_0,45.155757,18.010224,25
SHP_L1_0,45.155665,18.010264,26
SHP_L1_0,45.155642,18.010336,27
SHP_L1_0,45.155656,18.010411,28
SHP_L1_0,45.155670,18.010492,29
SHP_L1_0,45.155680,18.010637,30
SHP_L1_0,45.155674,18.010806,31
SHP_L1_0,45.155673,18.011047,32
SHP_L1_0,45.155383,18.013844,33
SHP_L1_0,45.155303,18.014333,34
SHP_L1_0,45.155285,18.014558,35
SHP_L1_0,45.155252,18.014606,36
SHP_L1_0,45.155234,18.014655,37
SHP_L1_0,45.155239,18.014716,38
SHP_L1_0,45.155250,18.014762,39
SHP_L1_0,45.155234,18.014939,40
SHP_L1_0,45.154871,18.016618,41
SHP_L1_0,45.154221,18.019493,42
SHP_L1_0,45.154203,18.019547,43
SHP_L1_0,45.154168,18.019606,44
SHP_L1_0,45.154112,18.019646,45
SHP_L1_0,45.154043,18.019660,46
SHP_L1_0,45.153510,18.019697,47
SHP_L1_0,45.153448,18.019719,48
SHP_L1_0,45.153401,18.019788,49
SHP_L1_0,45.153343,18.019896,50
SHP_L1_0,45.153264,18.020384,51
SHP_L1_0,45.153230,18.020470,52
SHP_L1_0,45.153230,18.020545,53
SHP_L1_0,45.153257,18.020609,54
SHP_L1_0,45.153317,18.020759,55
SHP_L1_0,45.153385,18.021001,56
SHP_L1_0,45.153391,18.021194,57
SHP_L1_0,45.153366,18.021972,58
SHP_L1_0,45.153376,18.022790,59
SHP_L1_0,45.153406,18.023522,60
SHP_L1_0,45.153532,18.023535,61
SHP_L1_0,45.153878,18.023643,62
SHP_L1_0,45.155098,18.024074,63
SHP_L1_0,45.155621,18.024268,64
SHP_L1_0,45.156160,18.024410,65
SHP_L1_0,45.156264,18.024412,66
SHP_L1_0,45.156380,18.024391,67
SHP_L1_0,45.157382,18.023948,68
SHP_L1_0,45.157906,18.023710,69
SHP_L1_0,45.158453,18.023412,70
SHP_L1_0,45.158585,18.023409,71
SHP_L1_0,45.158625,18.023444,72
SHP_L1_0,45.158655,18.023458,73
SHP_L1_0,45.158689,18.023449,74
SHP_L1_0,45.158712,18.023420,75
SHP_L1_0,45.158721,18.023388,76
SHP_L1_0,45.158731,18.023350,77
SHP_L1_0,45.158721,18.023307,78
SHP_L1_0,45.158668,18.023213,79
SHP_L1_0,45.158615,18.023066,80
SHP_L1_0,45.158534,18.022897,81
SHP_L1_0,45.158426,18.022591,82
SHP_L1_0,45.157961,18.021419,83
SHP_L1_0,45.157923,18.021277,84
SHP_L1_0,45.157668,18.020370,85
SHP_L1_0,45.157121,18.018343,86
SHP_L1_0,45.156340,18.015397,87
SHP_L1_0,45.156302,18.015137,88
SHP_L1_0,45.156298,18.015019,89
SHP_L1_0,45.156333,18.014955,90
SHP_L1_0,45.156610,18.014928,91
SHP_L1_0,45.157639,18.015049,92
SHP_L1_0,45.158447,18.015210,93
SHP_L1_0,45.159408,18.015355,94
SHP_L1_0,45.159650,18.015440,95
SHP_L1_0,45.161150,18.016081,96
SHP_L1_0,45.161227,18.016138,97
SHP_L1_0,45.161335,18.016199,98
SHP_L1_0,45.161422,18.016293,99
SHP_L1_0,45.161445,18.016385,100
SHP_L1_0,45.161517,18.016478,101
SHP_L1_0,45.161598,18.016486,102
SHP_L1_0,45.161736,18.016425,103
SHP_L1_0,45.162301,18.016642,104
SHP_L1_0,45.162483,18.016698,105
SHP_L1_0,45.162666,18.016723,106
SHP_L1_0,45.163533,18.017082,107
SHP_L1_0,45.163703,18.017203,108
SHP_L1_0,45.163960,18.017331,109
SHP_L1_0,45.164314,18.017471,110
SHP_L1_0,45.164346,18.017575,111
SHP_L1_0,45.164401,18.017616,112
SHP_L1_0,45.164461,18.017610,113
SHP_L1_0,45.164505,18.017559,114
SHP_L1_0,45.164529,18.017487,115
SHP_L1_0,45.164507,18.017417,116
SHP_L1_0,45.164488,18.017356,117
SHP_L1_0,45.164493,18.016945,118
SHP_L1_0,45.164486,18.017361,119
SHP_L1_0,45.164531,18.017423,120
SHP_L1_0,45.164580,18.017476,121
SHP_L1_0,45.164641,18.017538,122
SHP_L1_0,45.164751,18.017594,123
SHP_L1_0,45.165849,18.018034,124
SHP_L1_0,45.166457,18.018286,125
SHP_L1_0,45.171067,18.018731,126
SHP_L1_0,45.173105,18.018694,127
SHP_L1_0,45.174183,18.018329,128
SHP_L1_0,45.176418,18.018490,129
SHP_L1_0,45.176701,18.018581,130
SHP_L1_0,45.176936,18.018694,131
SHP_L1_0,45.179087,18.020486,132
SHP_L1_0,45.181020,18.022084,133
SHP_L1_0,45.180740,18.023254,134
SHP_L1_0,45.180347,18.026386,135
SHP_L1_0,45.180033,18.029428,136
SHP_L1_0,45.180369,18.029616,137
SHP_L1_0,45.180676,18.029761,138
SHP_L1_0,45.180997,18.029991,139
SHP_L1_0,45.181288,18.030249,140
SHP_L1_0,45.182457,18.031644,141
SHP_L1_0,45.182808,18.031917,142
SHP_L1_0,45.183160,18.032089,143
SHP_L1_0,45.183515,18.032191,144
SHP_L1_0,45.184317,18.032320,145
SHP_L1_0,45.185519,18.032534,146
SHP_L1_0,45.185943,18.032588,147
SHP_L1_0,45.186313,18.032518,148
SHP_L1_0,45.186839,18.032271,149
SHP_L1_0,45.187776,18.031585,150
SHP_L1_0,45.188101,18.031451,151
SHP_L1_0,45.188476,18.031397,152
SHP_L1_0,45.188948,18.031472,153
SHP_L1_0,45.189262,18.031654,154
SHP_L1_0,45.189508,18.031917,155
SHP_L1_0,45.189691,18.032113,156
SHP_L1_0,45.189699,18.032311,157
SHP_L1_0,45.189829,18.032419,158
SHP_L1_0,45.189928,18.032384,159
SHP_L1_0,45.189986,18.032266,160
SHP_L1_0,45.189980,18.032105,161
SHP_L1_0,45.190013,18.031746,162
SHP_L1_0,45.190160,18.031000,163
SHP_L1_0,45.190298,18.030198,164
SHP_L1_0,45.190321,18.029691,165
SHP_L1_0,45.190332,18.028522,166
SHP_L1_0,45.190332,18.028049,167
SHP_L1_0,45.190434,18.026102,168
SHP_L1_0,45.190476,18.024091,169
SHP_L1_0,45.190173,18.020872,170
SHP_L1_0,45.189916,18.019702,171
SHP_L1_0,45.189531,18.018769,172
SHP_L1_0,45.185372,18.009129,173
SHP_L1_0,45.184393,18.007273,174
SHP_L1_0,45.184279,18.006747,175
SHP_L1_0,45.184260,18.005868,176
SHP_L1_0,45.184200,18.005074,177
SHP_L1_0,45.183935,18.003668,178
SHP_L1_0,45.183867,18.002708,179
SHP_L1_0,45.183787,18.001678,180
SHP_L1_0,45.183130,17.998298,181
SHP_L1_0,45.182797,17.997521,182
SHP_L1_0,45.182472,17.996689,183
SHP_L1_0,45.182411,17.996394,184
SHP_L1_0,45.182385,17.996110,185
SHP_L1_0,45.182404,17.995884,186
SHP_L1_0,45.182302,17.995648,187
SHP_L1_0,45.181969,17.993234,188
SHP_L1_0,45.181663,17.990815,189
SHP_L1_0,45.181292,17.990906,190
SHP_L1_0,45.181099,17.990987,191
SHP_L1_0,45.180971,17.991153,192
SHP_L1_0,45.180581,17.991791,193
SHP_L1_0,45.180426,17.991958,194
SHP_L1_0,45.180230,17.992033,195
SHP_L1_0,45.179995,17.992043,196
SHP_L1_0,45.178223,17.991893,197
SHP_L1_0,45.175877,17.991727,198
SHP_L1_0,45.175771,17.991821,199
SHP_L1_0,45.175733,17.991990,200
SHP_L1_0,45.175726,17.992277,201
SHP_L1_0,45.175762,17.992655,202
SHP_L1_0,45.175919,17.993197,203
SHP_L1_0,45.176149,17.993535,204
SHP_L1_0,45.176475,17.993779,205
SHP_L1_0,45.176853,17.993862,206
SHP_L1_0,45.177112,17.993833,207
SHP_L1_0,45.178407,17.993578,208
SHP_L1_0,45.178671,17.993570,209
SHP_L1_0,45.178879,17.993572,210
SHP_L1_0,45.179019,17.995335,211
SHP_L1_0,45.179161,17.997405,212
SHP_L1_0,45.179182,17.997936,213
SHP_L1_0,45.179061,17.997963,214
SHP_L1_0,45.178944,17.998022,215
SHP_L1_0,45.178838,17.998119,216
SHP_L1_0,45.178581,17.998365,217
SHP_L1_0,45.178307,17.998746,218
SHP_L1_0,45.177860,17.999436,219
SHP_L1_0,45.177289,17.998687,220
SHP_L1_0,45.177053,17.998255,221
SHP_L1_0,45.176713,17.997311,222
SHP_L1_0,45.176800,17.997086,223
SHP_L1_0,45.176830,17.996802,224
SHP_L1_0,45.176817,17.996453,225
SHP_L1_0,45.176735,17.995498,226
SHP_L1_0,45.176157,17.995058,227
SHP_L1_0,45.176036,17.994905,228
SHP_L1_0,45.175947,17.994672,229
SHP_L1_0,45.175790,17.993846,230
SHP_L1_0,45.175699,17.993315,231
SHP_L1_0,45.175542,17.991805,232
SHP_L1_0,45.174856,17.991845,233
SHP_L1_0,45.174794,17.991909,234
SHP_L1_0,45.174769,17.991979,235
SHP_L1_0,45.175295,17.994967,236
SHP_L1_0,45.175406,17.995289,237
SHP_L1_0,45.175707,17.995748,238
SHP_L1_0,45.175862,17.995935,239
SHP_L1_0,45.176181,17.996110,240
SHP_L1_0,45.176819,17.996496,241
SHP_L1_0,45.176824,17.996719,242
SHP_L1_0,45.176823,17.996842,243
SHP_L1_0,45.176802,17.997048,244
SHP_L1_0,45.176775,17.997153,245
SHP_L1_0,45.176707,17.997311,246
SHP_L1_0,45.177047,17.998258,247
SHP_L1_0,45.177295,17.998690,248
SHP_L1_0,45.177859,17.999428,249
SHP_L1_0,45.177703,17.999634,250
SHP_L1_0,45.177495,17.999827,251
SHP_L1_0,45.176584,18.000506,252
SHP_L1_0,45.175798,18.001099,253
SHP_L1_0,45.173555,18.002735,254
SHP_L1_0,45.173181,18.002933,255
SHP_L1_0,45.172613,18.003041,256
SHP_L1_0,45.170118,18.003534,257
SHP_L1_0,45.168318,18.003856,258
SHP_L1_0,45.167975,18.003826,259
SHP_L1_0,45.166772,18.003550,260
SHP_L1_0,45.166430,18.003553,261
SHP_L1_0,45.165984,18.003590,262
SHP_L1_0,45.165290,18.003676,263
SHP_L1_0,45.165237,18.003733,264
SHP_L1_0,45.165248,18.003969,265
SHP_L1_0,45.165290,18.004932,266
SHP_L1_0,45.165170,18.006989,267
SHP_L1_0,45.165089,18.008164,268
SHP_L1_0,45.164783,18.012616,269
SHP_L1_0,45.164491,18.016945,270
SHP_L1_0,45.164486,18.017358,271
SHP_L1_0,45.164416,18.017337,272
SHP_L1_0,45.164486,18.017361,273
SHP_L1_0,45.164418,18.017337,274
SHP_L1_0,45.164387,18.017350,275
SHP_L1_0,45.164357,18.017369,276
SHP_L1_0,45.164210,18.017329,277
SHP_L1_0,45.163786,18.017149,278
SHP_L1_0,45.163542,18.017055,279
SHP_L1_0,45.162697,18.016704,280
SHP_L1_0,45.162323,18.016554,281
SHP_L1_0,45.162023,18.016425,282
SHP_L1_0,45.161842,18.016317,283
SHP_L1_0,45.161683,18.016071,284
SHP_L1_0,45.161634,18.015754,285
SHP_L1_0,45.161706,18.015110,286
SHP_L1_0,45.161863,18.013957,287
SHP_L2_0,45.162018,18.010983,1
SHP_L2_0,45.161940,18.011050,2
SHP_L2_0,45.161828,18.011130,3
SHP_L2_0,45.161547,18.011111,4
SHP_L2_0,45.161454,18.011119,5
SHP_L2_0,45.160202,18.010966,6
SHP_L2_0,45.159832,18.010865,7
SHP_L2_0,45.159773,18.010811,8
SHP_L2_0,45.159714,18.010824,9
SHP_L2_0,45.159622,18.010873,10
SHP_L2_0,45.156800,18.010519,11
SHP_L2_0,45.156550,18.010427,12
SHP_L2_0,45.155969,18.010342,13
SHP_L2_0,45.155820,18.010285,14
SHP_L2_0,45.155757,18.010224,15
SHP_L2_0,45.155665,18.010264,16
SHP_L2_0,45.155642,18.010336,17
SHP_L2_0,45.155656,18.010411,18
SHP_L2_0,45.155670,18.010492,19
SHP_L2_0,45.155680,18.010637,20
SHP_L2_0,45.155674,18.010806,21
SHP_L2_0,45.155673,18.011047,22
SHP_L2_0,45.155383,18.013844,23
SHP_L2_0,45.155303,18.014333,24
SHP_L2_0,45.155285,18.014558,25
SHP_L2_0,45.155252,18.014606,26
SHP_L2_0,45.155234,18.014655,27
SHP_L2_0,45.155239,18.014716,28
SHP_L2_0,45.155250,18.014762,29
SHP_L2_0,45.155234,18.014939,30
SHP_L2_0,45.154871,18.016618,31
SHP_L2_0,45.154221,18.019493,32
SHP_L2_0,45.154203,18.019547,33
SHP_L2_0,45.154168,18.019606,34
SHP_L2_0,45.154112,18.019646,35
SHP_L2_0,45.154043,18.019660,36
SHP_L2_0,45.153510,18.019697,37
SHP_L2_0,45.153448,18.019719,38
SHP_L2_0,45.153401,18.019788,39
SHP_L2_0,45.153343,18.019896,40
SHP_L2_0,45.153264,18.020384,41
SHP_L2_0,45.153230,18.020470,42
SHP_L2_0,45.153230,18.020545,43
SHP_L2_0,45.153257,18.020609,44
SHP_L2_0,45.153317,18.020759,45
SHP_L2_0,45.153385,18.021001,46
SHP_L2_0,45.153391,18.021194,47
SHP_L2_0,45.153366,18.021972,48
SHP_L2_0,45.153376,18.022790,49
SHP_L2_0,45.153406,18.023522,50
SHP_L2_0,45.153532,18.023535,51
SHP_L2_0,45.153878,18.023643,52
SHP_L2_0,45.155098,18.024074,53
SHP_L2_0,45.155621,18.024268,54
SHP_L2_0,45.156160,18.024410,55
SHP_L2_0,45.156264,18.024412,56
SHP_L2_0,45.156380,18.024391,57
SHP_L2_0,45.157382,18.023948,58
SHP_L2_0,45.157906,18.023710,59
SHP_L2_0,45.158453,18.023412,60
SHP_L2_0,45.158585,18.023409,61
SHP_L2_0,45.158625,18.023444,62
SHP_L2_0,45.158655,18.023458,63
SHP_L2_0,45.158689,18.023449,64
SHP_L2_0,45.158712,18.023420,65
SHP_L2_0,45.158721,18.023388,66
SHP_L2_0,45.158731,18.023350,67
SHP_L2_0,45.158721,18.023307,68
SHP_L2_0,45.158668,18.023213,69
SHP_L2_0,45.158615,18.023066,70
SHP_L2_0,45.158534,18.022897,71
SHP_L2_0,45.158426,18.022591,72
SHP_L2_0,45.157961,18.021419,73
SHP_L2_0,45.157923,18.021277,74
SHP_L2_0,45.157668,18.020370,75
SHP_L2_0,45.157121,18.018343,76
SHP_L2_0,45.156340,18.015397,77
SHP_L2_0,45.156302,18.015137,78
SHP_L2_0,45.156298,18.015019,79
SHP_L2_0,45.156333,18.014955,80
SHP_L2_0,45.156610,18.014928,81
SHP_L2_0,45.157639,18.015049,82
SHP_L2_0,45.158447,18.015210,83
SHP_L2_0,45.159408,18.015355,84
SHP_L2_0,45.159650,18.015440,85
SHP_L2_0,45.161150,18.016081,86
SHP_L2_0,45.161227,18.016138,87
SHP_L2_0,45.161335,18.016199,88
SHP_L2_0,45.161422,18.016293,89
SHP_L2_0,45.161445,18.016385,90
SHP_L2_0,45.161517,18.016478,91
SHP_L2_0,45.161598,18.016486,92
SHP_L2_0,45.161736,18.016425,93
SHP_L2_0,45.162301,18.016642,94
SHP_L2_0,45.162483,18.016698,95
SHP_L2_0,45.162697,18.016712,96
SHP_L2_0,45.163523,18.017055,97
SHP_L2_0,45.163627,18.017152,98
SHP_L2_0,45.163703,18.017203,99
SHP_L2_0,45.163960,18.017331,100
SHP_L2_0,45.164314,18.017471,101
SHP_L2_0,45.164346,18.017575,102
SHP_L2_0,45.164401,18.017616,103
SHP_L2_0,45.164461,18.017610,104
SHP_L2_0,45.164518,18.017565,105
SHP_L2_0,45.164579,18.017559,106
SHP_L2_0,45.164654,18.017573,107
SHP_L2_0,45.164754,18.017602,108
SHP_L2_0,45.165849,18.018034,109
SHP_L2_0,45.166457,18.018286,110
SHP_L2_0,45.171067,18.018731,111
SHP_L2_0,45.173105,18.018694,112
SHP_L2_0,45.174183,18.018329,113
SHP_L2_0,45.176418,18.018490,114
SHP_L2_0,45.176701,18.018581,115
SHP_L2_0,45.176936,18.018694,116
SHP_L2_0,45.179087,18.020486,117
SHP_L2_0,45.181020,18.022084,118
SHP_L2_0,45.180740,18.023254,119
SHP_L2_0,45.180347,18.026386,120
SHP_L2_0,45.180033,18.029428,121
SHP_L2_0,45.180369,18.029616,122
SHP_L2_0,45.180676,18.029761,123
SHP_L2_0,45.180997,18.029991,124
SHP_L2_0,45.181288,18.030249,125
SHP_L2_0,45.182457,18.031644,126
SHP_L2_0,45.182808,18.031917,127
SHP_L2_0,45.183160,18.032089,128
SHP_L2_0,45.183515,18.032191,129
SHP_L2_0,45.184317,18.032320,130
SHP_L2_0,45.185519,18.032534,131
SHP_L2_0,45.185943,18.032588,132
SHP_L2_0,45.186313,18.032518,133
SHP_L2_0,45.186839,18.032271,134
SHP_L2_0,45.187776,18.031585,135
SHP_L2_0,45.188101,18.031451,136
SHP_L2_0,45.188476,18.031397,137
SHP_L2_0,45.188948,18.031472,138
SHP_L2_0,45.189262,18.031654,139
SHP_L2_0,45.189508,18.031917,140
SHP_L2_0,45.189691,18.032113,141
SHP_L2_0,45.189699,18.032311,142
SHP_L2_0,45.189829,18.032419,143
SHP_L2_0,45.189928,18.032384,144
SHP_L2_0,45.189986,18.032266,145
SHP_L2_0,45.189980,18.032105,146
SHP_L2_0,45.190013,18.031746,147
SHP_L2_0,45.190160,18.031000,148
SHP_L2_0,45.190298,18.030198,149
SHP_L2_0,45.190321,18.029691,150
SHP_L2_0,45.190332,18.028522,151
SHP_L2_0,45.190332,18.028049,152
SHP_L2_0,45.190434,18.026102,153
SHP_L2_0,45.190476,18.024091,154
SHP_L2_0,45.190173,18.020872,155
SHP_L2_0,45.189916,18.019702,156
SHP_L2_0,45.189531,18.018769,157
SHP_L2_0,45.185372,18.009129,158
SHP_L2_0,45.184393,18.007273,159
SHP_L2_0,45.184279,18.006747,160
SHP_L2_0,45.184260,18.005868,161
SHP_L2_0,45.184200,18.005074,162
SHP_L2_0,45.183935,18.003668,163
SHP_L2_0,45.183867,18.002708,164
SHP_L2_0,45.183787,18.001678,165
SHP_L2_0,45.183130,17.998298,166
SHP_L2_0,45.182797,17.997521,167
SHP_L2_0,45.182472,17.996689,168
SHP_L2_0,45.182411,17.996394,169
SHP_L2_0,45.182385,17.996110,170
SHP_L2_0,45.182404,17.995884,171
SHP_L2_0,45.182302,17.995648,172
SHP_L2_0,45.181969,17.993234,173
SHP_L2_0,45.181663,17.990815,174
SHP_L2_0,45.181292,17.990906,175
SHP_L2_0,45.181099,17.990987,176
SHP_L2_0,45.180971,17.991153,177
SHP_L2_0,45.180581,17.991791,178
SHP_L2_0,45.180426,17.991958,179
SHP_L2_0,45.180230,17.992033,180
SHP_L2_0,45.179995,17.992043,181
SHP_L2_0,45.178223,17.991893,182
SHP_L2_0,45.175877,17.991727,183
SHP_L2_0,45.175771,17.991821,184
SHP_L2_0,45.175733,17.991990,185
SHP_L2_0,45.175726,17.992277,186
SHP_L2_0,45.175762,17.992655,187
SHP_L2_0,45.175919,17.993197,188
SHP_L2_0,45.176149,17.993535,189
SHP_L2_0,45.176475,17.993779,190
SHP_L2_0,45.176853,17.993862,191
SHP_L2_0,45.177112,17.993833,192
SHP_L2_0,45.178407,17.993578,193
SHP_L2_0,45.178671,17.993570,194
SHP_L2_0,45.178879,17.993572,195
SHP_L2_0,45.179019,17.995335,196
SHP_L2_0,45.179161,17.997405,197
SHP_L2_0,45.179182,17.997936,198
SHP_L2_0,45.179061,17.997963,199
SHP_L2_0,45.178944,17.998022,200
SHP_L2_0,45.178838,17.998119,201
SHP_L2_0,45.178581,17.998365,202
SHP_L2_0,45.178307,17.998746,203
SHP_L2_0,45.177857,17.999430,204
SHP_L2_0,45.177703,17.999634,205
SHP_L2_0,45.177495,17.999827,206
SHP_L2_0,45.176584,18.000506,207
SHP_L2_0,45.175798,18.001099,208
SHP_L2_0,45.173555,18.002735,209
SHP_L2_0,45.173181,18.002933,210
SHP_L2_0,45.172613,18.003041,211
SHP_L2_0,45.170118,18.003534,212
SHP_L2_0,45.168318,18.003856,213
SHP_L2_0,45.167975,18.003826,214
SHP_L2_0,45.166772,18.003550,215
SHP_L2_0,45.166430,18.003553,216
SHP_L2_0,45.165984,18.003590,217
SHP_L2_0,45.165290,18.003676,218
SHP_L2_0,45.165237,18.003733,219
SHP_L2_0,45.165248,18.003969,220
SHP_L2_0,45.165290,18.004932,221
SHP_L2_0,45.165170,18.006989,222
SHP_L2_0,45.165089,18.008164,223
SHP_L2_0,45.164783,18.012616,224
SHP_L2_0,45.164501,18.016948,225
SHP_L2_0,45.164484,18.017050,226
SHP_L2_0,45.164458,18.017160,227
SHP_L2_0,45.164428,18.017272,228
SHP_L2_0,45.164401,18.017337,229
SHP_L2_0,45.164360,18.017358,230
SHP_L2_0,45.164314,18.017353,231
SHP_L2_0,45.163792,18.017149,232
SHP_L2_0,45.163739,18.017130,233
SHP_L2_0,45.163640,18.017093,234
SHP_L2_0,45.163523,18.017055,235
SHP_L2_0,45.162697,18.016712,236
SHP_L2_0,45.162604,18.016658,237
SHP_L2_0,45.162525,18.016621,238
SHP_L2_0,45.162423,18.016591,239
SHP_L2_0,45.162056,18.016465,240
SHP_L2_0,45.162010,18.016425,241
SHP_L2_0,45.161931,18.016368,242
SHP_L2_0,45.161875,18.016326,243
SHP_L2_0,45.161833,18.016288,244
SHP_L2_0,45.161791,18.016240,245
SHP_L2_0,45.161742,18.016170,246
SHP_L2_0,45.161712,18.016106,247
SHP_L2_0,45.161682,18.016009,248
SHP_L2_0,45.161658,18.015894,249
SHP_L2_0,45.161645,18.015773,250
SHP_L2_0,45.161640,18.015671,251
SHP_L2_0,45.161644,18.015558,252
SHP_L2_0,45.161667,18.015360,253
SHP_L2_0,45.161689,18.015183,254
SHP_L2_0,45.161744,18.014920,255
SHP_L2_0,45.161772,18.014813,256
SHP_L2_0,45.161793,18.014695,257
SHP_L2_0,45.161810,18.014571,258
SHP_L2_0,45.162088,18.011951,259
SHP_L2_0,45.162109,18.011833,260
SHP_L2_0,45.162122,18.011731,261
SHP_L2_0,45.162143,18.011605,262
SHP_L2_0,45.162158,18.011516,263
SHP_L2_0,45.162171,18.011471,264
SHP_L2_0,45.162209,18.011447,265
SHP_L2_0,45.162249,18.011393,266
SHP_L2_0,45.162283,18.011304,267
SHP_L2_0,45.162294,18.011253,268
SHP_L2_0,45.162319,18.011184,269
SHP_L2_0,45.162381,18.011119,270
SHP_L2_0,45.162421,18.011076,271
SHP_L2_0,45.162455,18.011028,272
SHP_L2_0,45.162465,18.010969,273
SHP_L2_0,45.162465,18.010969,274
SHP_L2_0,45.162476,18.010918,275
SHP_L2_0,45.162500,18.010846,276
SHP_L2_0,45.162536,18.010781,277
SHP_L2_0,45.162572,18.010696,278
SHP_L2_0,45.162591,18.010620,279
SHP_L2_0,45.162602,18.010481,280
SHP_L2_0,45.162646,18.009923,281
SHP_L2_0,45.162714,18.009129,282
SHP_L2_0,45.162718,18.009022,283
SHP_L2_0,45.162710,18.008941,284
SHP_L2_0,45.162699,18.008882,285
SHP_L2_0,45.162673,18.008858,286
SHP_L2_0,45.162470,18.008762,287
SHP_L2_0,45.162349,18.008743,288
SHP_L2_0,45.162644,18.004752,289
SHP_L2_0,45.162644,18.004500,290
SHP_L2_0,45.162633,18.004277,291
SHP_L2_0,45.162633,18.004025,292
SHP_L2_0,45.162635,18.003821,293
SHP_L2_0,45.162642,18.003711,294
SHP_L2_0,45.162671,18.003631,295
SHP_L2_0,45.162716,18.003612,296
SHP_L2_0,45.162760,18.003585,297
SHP_L2_0,45.162790,18.003529,298
SHP_L2_0,45.162816,18.003475,299
SHP_L2_0,45.162835,18.003419,300
SHP_L2_0,45.162841,18.003368,301
SHP_L2_0,45.162839,18.003309,302
SHP_L2_0,45.162828,18.003228,303
SHP_L2_0,45.162805,18.003169,304
SHP_L2_0,45.162771,18.003110,305
SHP_L2_0,45.162725,18.003067,306
SHP_L2_0,45.162680,18.003049,307
SHP_L2_0,45.162627,18.003043,308
SHP_L2_0,45.162569,18.003059,309
SHP_L2_0,45.162517,18.003097,310
SHP_L2_0,45.162477,18.003151,311
SHP_L2_0,45.162446,18.003223,312
SHP_L2_0,45.162434,18.003303,313
SHP_L2_0,45.162431,18.003373,314
SHP_L2_0,45.162450,18.003451,315
SHP_L2_0,45.162465,18.003507,316
SHP_L2_0,45.162495,18.003558,317
SHP_L2_0,45.162529,18.003596,318
SHP_L2_0,45.162563,18.003663,319
SHP_L2_0,45.162571,18.003767,320
SHP_L2_0,45.162557,18.004282,321
SHP_L2_0,45.162419,18.006316,322
SHP_L2_0,45.162260,18.008515,323
SHP_L2_0,45.162094,18.010537,324
SHP_L2_0,45.162064,18.010663,325
SHP_L2_0,45.162047,18.010795,326
SHP_L2_0,45.162041,18.010905,327
SHP_L2_0,45.162018,18.010983,328
SHP_L2_0_B1,45.162018,18.010983,1
SHP_L2_0_B1,45.161940,18.011050,2
SHP_L2_0_B1,45.161828,18.011130,3
SHP_L2_0_B1,45.161547,18.011111,4
SHP_L2_0_B1,45.161454,18.011119,5
SHP_L2_0_B1,45.160202,18.010966,6
SHP_L2_0_B1,45.159832,18.010865,7
SHP_L2_0_B1,45.159773,18.010811,8
SHP_L2_0_B1,45.159714,18.010824,9
SHP_L2_0_B1,45.159622,18.010873,10
SHP_L2_0_B1,45.156800,18.010519,11
SHP_L2_0_B1,45.156550,18.010427,12
SHP_L2_0_B1,45.155969,18.010342,13
SHP_L2_0_B1,45.155820,18.010285,14
SHP_L2_0_B1,45.155757,18.010224,15
SHP_L2_0_B1,45.155665,18.010264,16
SHP_L2_0_B1,45.155642,18.010336,17
SHP_L2_0_B1,45.155656,18.010411,18
SHP_L2_0_B1,45.155670,18.010492,19
SHP_L2_0_B1,45.155680,18.010637,20
SHP_L2_0_B1,45.155674,18.010806,21
SHP_L2_0_B1,45.155673,18.011047,22
SHP_L2_0_B1,45.155383,18.013844,23
SHP_L2_0_B1,45.155303,18.014333,24
SHP_L2_0_B1,45.155285,18.014558,25
SHP_L2_0_B1,45.155252,18.014606,26
SHP_L2_0_B1,45.155234,18.014655,27
SHP_L2_0_B1,45.155239,18.014716,28
SHP_L2_0_B1,45.155250,18.014762,29
SHP_L2_0_B1,45.155234,18.014939,30
SHP_L2_0_B1,45.154871,18.016618,31
SHP_L2_0_B1,45.154221,18.019493,32
SHP_L2_0_B1,45.154203,18.019547,33
SHP_L2_0_B1,45.154168,18.019606,34
SHP_L2_0_B1,45.154112,18.019646,35
SHP_L2_0_B1,45.154043,18.019660,36
SHP_L2_0_B1,45.153510,18.019697,37
SHP_L2_0_B1,45.153448,18.019719,38
SHP_L2_0_B1,45.153401,18.019788,39
SHP_L2_0_B1,45.153343,18.019896,40
SHP_L2_0_B1,45.153264,18.020384,41
SHP_L2_0_B1,45.153230,18.020470,42
SHP_L2_0_B1,45.153230,18.020545,43
SHP_L2_0_B1,45.153257,18.020609,44
SHP_L2_0_B1,45.153317,18.020759,45
SHP_L2_0_B1,45.153385,18.021001,46
SHP_L2_0_B1,45.153391,18.021194,47
SHP_L2_0_B1,45.153366,18.021972,48
SHP_L2_0_B1,45.153376,18.022790,49
SHP_L2_0_B1,45.153406,18.023522,50
SHP_L2_0_B1,45.153532,18.023535,51
SHP_L2_0_B1,45.153878,18.023643,52
SHP_L2_0_B1,45.155098,18.024074,53
SHP_L2_0_B1,45.155621,18.024268,54
SHP_L2_0_B1,45.156160,18.024410,55
SHP_L2_0_B1,45.156264,18.024412,56
SHP_L2_0_B1,45.156380,18.024391,57
SHP_L2_0_B1,45.157382,18.023948,58
SHP_L2_0_B1,45.157906,18.023710,59
SHP_L2_0_B1,45.158453,18.023412,60
SHP_L2_0_B1,45.158585,18.023409,61
SHP_L2_0_B1,45.158625,18.023444,62
SHP_L2_0_B1,45.158655,18.023458,63
SHP_L2_0_B1,45.158689,18.023449,64
SHP_L2_0_B1,45.158712,18.023420,65
SHP_L2_0_B1,45.158721,18.023388,66
SHP_L2_0_B1,45.158731,18.023350,67
SHP_L2_0_B1,45.158721,18.023307,68
SHP_L2_0_B1,45.158668,18.023213,69
SHP_L2_0_B1,45.158615,18.023066,70
SHP_L2_0_B1,45.158534,18.022897,71
SHP_L2_0_B1,45.158426,18.022591,72
SHP_L2_0_B1,45.157961,18.021419,73
SHP_L2_0_B1,45.157923,18.021277,74
SHP_L2_0_B1,45.157668,18.020370,75
SHP_L2_0_B1,45.157121,18.018343,76
SHP_L2_0_B1,45.156340,18.015397,77
SHP_L2_0_B1,45.156302,18.015137,78
SHP_L2_0_B1,45.156298,18.015019,79
SHP_L2_0_B1,45.156333,18.014955,80
SHP_L2_0_B1,45.156610,18.014928,81
SHP_L2_0_B1,45.157639,18.015049,82
SHP_L2_0_B1,45.158447,18.015210,83
SHP_L2_0_B1,45.159408,18.015355,84
SHP_L2_0_B1,45.159650,18.015440,85
SHP_L2_0_B1,45.161150,18.016081,86
SHP_L2_0_B1,45.161227,18.016138,87
SHP_L2_0_B1,45.161335,18.016199,88
SHP_L2_0_B1,45.161422,18.016293,89
SHP_L2_0_B1,45.161445,18.016385,90
SHP_L2_0_B1,45.161517,18.016478,91
SHP_L2_0_B1,45.161598,18.016486,92
SHP_L2_0_B1,45.161736,18.016425,93
SHP_L2_0_B1,45.162301,18.016642,94
SHP_L2_0_B1,45.162483,18.016698,95
SHP_L2_0_B1,45.162697,18.016712,96
SHP_L2_0_B1,45.163523,18.017055,97
SHP_L2_0_B1,45.163627,18.017152,98
SHP_L2_0_B1,45.163703,18.017203,99
SHP_L2_0_B1,45.163960,18.017331,100
SHP_L2_0_B1,45.164314,18.017471,101
SHP_L2_0_B1,45.164346,18.017575,102
SHP_L2_0_B1,45.164401,18.017616,103
SHP_L2_0_B1,45.164461,18.017610,104
SHP_L2_0_B1,45.164518,18.017565,105
SHP_L2_0_B1,45.164579,18.017559,106
SHP_L2_0_B1,45.164654,18.017573,107
SHP_L2_0_B1,45.164754,18.017602,108
SHP_L2_0_B1,45.165849,18.018034,109
SHP_L2_0_B1,45.166457,18.018286,110
SHP_L2_0_B1,45.171067,18.018731,111
SHP_L2_0_B1,45.173105,18.018694,112
SHP_L2_0_B1,45.174183,18.018329,113
SHP_L2_0_B1,45.176418,18.018490,114
SHP_L2_0_B1,45.176701,18.018581,115
SHP_L2_0_B1,45.176936,18.018694,116
SHP_L2_0_B1,45.179087,18.020486,117
SHP_L2_0_B1,45.181020,18.022084,118
SHP_L2_0_B1,45.180740,18.023254,119
SHP_L2_0_B1,45.180347,18.026386,120
SHP_L2_0_B1,45.180033,18.029428,121
SHP_L2_0_B1,45.180369,18.029616,122
SHP_L2_0_B1,45.180676,18.029761,123
SHP_L2_0_B1,45.180997,18.029991,124
SHP_L2_0_B1,45.181288,18.030249,125
SHP_L2_0_B1,45.182457,18.031644,126
SHP_L2_0_B1,45.182808,18.031917,127
SHP_L2_0_B1,45.183160,18.032089,128
SHP_L2_0_B1,45.183515,18.032191,129
SHP_L2_0_B1,45.184317,18.032320,130
SHP_L2_0_B1,45.185519,18.032534,131
SHP_L2_0_B1,45.185943,18.032588,132
SHP_L2_0_B1,45.186313,18.032518,133
SHP_L2_0_B1,45.186839,18.032271,134
SHP_L2_0_B1,45.187776,18.031585,135
SHP_L2_0_B1,45.188101,18.031451,136
SHP_L2_0_B1,45.188476,18.031397,137
SHP_L2_0_B1,45.188948,18.031472,138
SHP_L2_0_B1,45.189262,18.031654,139
SHP_L2_0_B1,45.189508,18.031917,140
SHP_L2_0_B1,45.189691,18.032113,141
SHP_L2_0_B1,45.189699,18.032311,142
SHP_L2_0_B1,45.189829,18.032419,143
SHP_L2_0_B1,45.189907,18.032448,144
SHP_L2_0_B1,45.189958,18.032521,145
SHP_L2_0_B1,45.190198,18.032966,146
SHP_L2_0_B1,45.190315,18.033191,147
SHP_L2_0_B1,45.191863,18.037072,148
SHP_L2_0_B1,45.191977,18.037325,149
SHP_L2_0_B1,45.192151,18.037582,150
SHP_L2_0_B1,45.192276,18.037732,151
SHP_L2_0_B1,45.192472,18.037904,152
SHP_L2_0_B1,45.192760,18.038086,153
SHP_L2_0_B1,45.193376,18.038462,154
SHP_L2_0_B1,45.193769,18.038687,155
SHP_L2_0_B1,45.194351,18.038971,156
SHP_L2_0_B1,45.194627,18.039111,157
SHP_L2_0_B1,45.194952,18.039213,158
SHP_L3_0,45.162652,18.009875,1
SHP_L3_0,45.162718,18.009076,2
SHP_L3_0,45.162697,18.008869,3
SHP_L3_0,45.162464,18.008762,4
SHP_L3_0,45.162351,18.008743,5
SHP_L3_0,45.162644,18.004835,6
SHP_L3_0,45.162650,18.004658,7
SHP_L3_0,45.162634,18.004368,8
SHP_L3_0,45.162629,18.004105,9
SHP_L3_0,45.162631,18.003832,10
SHP_L3_0,45.162634,18.003765,11
SHP_L3_0,45.162653,18.003690,12
SHP_L3_0,45.162682,18.003633,13
SHP_L3_0,45.162727,18.003598,14
SHP_L3_0,45.162771,18.003566,15
SHP_L3_0,45.162807,18.003507,16
SHP_L3_0,45.162835,18.003446,17
SHP_L3_0,45.162843,18.003349,18
SHP_L3_0,45.162831,18.003236,19
SHP_L3_0,45.162794,18.003142,20
SHP_L3_0,45.162744,18.003086,21
SHP_L3_0,45.162684,18.003057,22
SHP_L3_0,45.162623,18.003049,23
SHP_L3_0,45.162567,18.003059,24
SHP_L3_0,45.162506,18.003108,25
SHP_L3_0,45.162461,18.003183,26
SHP_L3_0,45.162434,18.003274,27
SHP_L3_0,45.162431,18.003392,28
SHP_L3_0,45.162459,18.003483,29
SHP_L3_0,45.162493,18.003547,30
SHP_L3_0,45.162542,18.003606,31
SHP_L3_0,45.162566,18.003708,32
SHP_L3_0,45.162567,18.003848,33
SHP_L3_0,45.162559,18.004138,34
SHP_L3_0,45.162540,18.004626,35
SHP_L3_0,45.162423,18.006324,36
SHP_L3_0,45.162262,18.008510,37
SHP_L3_0,45.162096,18.010500,38
SHP_L3_0,45.162054,18.010655,39
SHP_L3_0,45.162047,18.010749,40
SHP_L3_0,45.162029,18.010942,41
SHP_L3_0,45.162012,18.010988,42
SHP_L3_0,45.161986,18.011007,43
SHP_L3_0,45.161937,18.011052,44
SHP_L3_0,45.161903,18.011141,45
SHP_L3_0,45.161889,18.011216,46
SHP_L3_0,45.161890,18.011288,47
SHP_L3_0,45.161910,18.011371,48
SHP_L3_0,45.161937,18.011414,49
SHP_L3_0,45.161960,18.011476,50
SHP_L3_0,45.161973,18.011581,51
SHP_L3_0,45.161978,18.011817,52
SHP_L3_0,45.161972,18.011924,53
SHP_L3_0,45.161961,18.012023,54
SHP_L3_0,45.161714,18.014424,55
SHP_L3_0,45.161621,18.015164,56
SHP_L3_0,45.161534,18.016025,57
SHP_L3_0,45.161500,18.016111,58
SHP_L3_0,45.161462,18.016162,59
SHP_L3_0,45.161445,18.016226,60
SHP_L3_0,45.161435,18.016280,61
SHP_L3_0,45.161443,18.016331,62
SHP_L3_0,45.161460,18.016390,63
SHP_L3_0,45.161483,18.016433,64
SHP_L3_0,45.161511,18.016486,65
SHP_L3_0,45.161519,18.016604,66
SHP_L3_0,45.161479,18.017621,67
SHP_L3_0,45.161485,18.017903,68
SHP_L3_0,45.161369,18.019550,69
SHP_L3_0,45.161343,18.019729,70
SHP_L3_0,45.161297,18.019820,71
SHP_L3_0,45.161275,18.019871,72
SHP_L3_0,45.161267,18.019920,73
SHP_L3_0,45.161265,18.019965,74
SHP_L3_0,45.161275,18.020008,75
SHP_L3_0,45.161296,18.020070,76
SHP_L3_0,45.161315,18.020148,77
SHP_L3_0,45.161316,18.020228,78
SHP_L3_0,45.161310,18.020311,79
SHP_L3_0,45.161155,18.022277,80
SHP_L3_0,45.161154,18.022570,81
SHP_L3_0,45.161118,18.023289,82
SHP_L3_0,45.160441,18.023348,83
SHP_L3_0,45.159202,18.023897,84
SHP_L3_0,45.159034,18.023962,85
SHP_L3_0,45.158986,18.023962,86
SHP_L3_0,45.158954,18.023948,87
SHP_L3_0,45.158954,18.023948,88
SHP_L3_0,45.158933,18.023914,89
SHP_L3_0,45.158750,18.023436,90
SHP_L3_0,45.158733,18.023393,91
SHP_L3_0,45.158726,18.023350,92
SHP_L3_0,45.158726,18.023350,93
SHP_L3_0,45.158726,18.023350,94
SHP_L3_0,45.158726,18.023350,95
SHP_L3_0,45.158720,18.023310,96
SHP_L3_0,45.158720,18.023310,97
SHP_L3_0,45.158720,18.023310,98
SHP_L3_0,45.158720,18.023310,99
SHP_L3_0,45.158701,18.023267,100
SHP_L3_0,45.158659,18.023254,101
SHP_L3_0,45.158618,18.023264,102
SHP_L3_0,45.158586,18.023310,103
SHP_L3_0,45.158548,18.023345,104
SHP_L3_0,45.158423,18.023409,105
SHP_L3_0,45.157908,18.023691,106
SHP_L3_0,45.156395,18.024372,107
SHP_L3_0,45.156164,18.024399,108
SHP_L3_0,45.155985,18.024353,109
SHP_L3_0,45.155618,18.024251,110
SHP_L3_0,45.153889,18.023643,111
SHP_L3_0,45.153512,18.023522,112
SHP_L3_0,45.153423,18.023519,113
SHP_L3_0,45.153393,18.022717,114
SHP_L3_0,45.153382,18.022277,115
SHP_L3_0,45.153387,18.021880,116
SHP_L3_0,45.153418,18.021092,117
SHP_L3_0,45.153369,18.020743,118
SHP_L3_0,45.153359,18.020684,119
SHP_L3_0,45.153361,18.020614,120
SHP_L3_0,45.153375,18.020561,121
SHP_L3_0,45.153384,18.020502,122
SHP_L3_0,45.153371,18.020448,123
SHP_L3_0,45.153344,18.020405,124
SHP_L3_0,45.153344,18.020405,125
SHP_L3_0,45.153329,18.020378,126
SHP_L3_0,45.153325,18.020341,127
SHP_L3_0,45.153331,18.020282,128
SHP_L3_0,45.153388,18.019960,129
SHP_L3_0,45.153407,18.019820,130
SHP_L3_0,45.153429,18.019767,131
SHP_L3_0,45.153499,18.019716,132
SHP_L3_0,45.154027,18.019692,133
SHP_L3_0,45.154118,18.019678,134
SHP_L3_0,45.154188,18.019627,135
SHP_L3_0,45.154229,18.019555,136
SHP_L3_0,45.154269,18.019410,137
SHP_L3_0,45.154884,18.016685,138
SHP_L3_0,45.155235,18.015065,139
SHP_L3_0,45.155289,18.014936,140
SHP_L3_0,45.155334,18.014848,141
SHP_L3_0,45.155385,18.014770,142
SHP_L3_0,45.155406,18.014727,143
SHP_L3_0,45.155413,18.014673,144
SHP_L3_0,45.155402,18.014617,145
SHP_L3_0,45.155383,18.014571,146
SHP_L3_0,45.155372,18.014520,147
SHP_L3_0,45.155364,18.014467,148
SHP_L3_0,45.155360,18.014408,149
SHP_L3_0,45.155360,18.014330,150
SHP_L3_0,45.155368,18.014107,151
SHP_L3_0,45.155374,18.013997,152
SHP_L3_0,45.155398,18.013828,153
SHP_L3_0,45.155432,18.013571,154
SHP_L3_0,45.155684,18.011071,155
SHP_L3_0,45.155708,18.010961,156
SHP_L3_0,45.155739,18.010706,157
SHP_L3_0,45.155765,18.010543,158
SHP_L3_0,45.155796,18.010481,159
SHP_L3_0,45.155835,18.010438,160
SHP_L3_0,45.155886,18.010419,161
SHP_L3_0,45.156011,18.010417,162
SHP_L3_0,45.156168,18.010443,163
SHP_L3_0,45.156628,18.010529,164
SHP_L3_0,45.156732,18.010535,165
SHP_L3_0,45.156809,18.010532,166
SHP_L3_0,45.157152,18.010580,167
SHP_L3_0,45.158408,18.010747,168
SHP_L3_0,45.159427,18.010870,169
SHP_L3_0,45.159525,18.010886,170
SHP_L3_0,45.159607,18.010921,171
SHP_L3_0,45.159663,18.010953,172
SHP_L3_0,45.159716,18.010985,173
SHP_L3_0,45.159747,18.011007,174
SHP_L3_0,45.159777,18.010993,175
SHP_L3_0,45.159809,18.010977,176
SHP_L3_0,45.159821,18.010934,177
SHP_L3_0,45.159821,18.010878,178
SHP_L3_0,45.159802,18.010840,179
SHP_L3_0,45.159782,18.010808,180
SHP_L3_0,45.159769,18.010755,181
SHP_L3_0,45.159763,18.010677,182
SHP_L3_0,45.159768,18.010594,183
SHP_L3_0,45.160110,18.005342,184
SHP_L3_0,45.160111,18.005253,185
SHP_L3_0,45.160108,18.005146,186
SHP_L3_0,45.160075,18.004964,187
SHP_L3_0,45.160049,18.004848,188
SHP_L3_0,45.159962,18.004607,189
SHP_L3_0,45.159875,18.004360,190
SHP_L3_0,45.159781,18.004097,191
SHP_L3_0,45.159582,18.003545,192
SHP_L3_0,45.159542,18.003397,193
SHP_L3_0,45.159518,18.003260,194
SHP_L3_0,45.159502,18.003081,195
SHP_L3_0,45.159508,18.002941,196
SHP_L3_0,45.159525,18.002796,197
SHP_L3_0,45.159563,18.002555,198
SHP_L3_0,45.159611,18.002300,199
SHP_L3_0,45.160316,18.002555,200
SHP_L3_0,45.160811,18.002673,201
SHP_L3_0,45.161227,18.002767,202
SHP_L3_0,45.161882,18.002901,203
SHP_L3_0,45.161954,18.002931,204
SHP_L3_0,45.162008,18.002968,205
SHP_L3_0,45.162058,18.003022,206
SHP_L3_0,45.162109,18.003092,207
SHP_L3_0,45.162149,18.003140,208
SHP_L3_0,45.162207,18.003204,209
SHP_L3_0,45.162272,18.003266,210
SHP_L3_0,45.162334,18.003298,211
SHP_L3_0,45.162383,18.003333,212
SHP_L3_0,45.162431,18.003392,213
SHP_L3_0_B1,45.162652,18.009875,1
SHP_L3_0_B1,45.162718,18.009076,2
SHP_L3_0_B1,45.162697,18.008869,3
SHP_L3_0_B1,45.162464,18.008762,4
SHP_L3_0_B1,45.162351,18.008743,5
SHP_L3_0_B1,45.162644,18.004835,6
SHP_L3_0_B1,45.162650,18.004658,7
SHP_L3_0_B1,45.162634,18.004368,8
SHP_L3_0_B1,45.162629,18.004105,9
SHP_L3_0_B1,45.162631,18.003832,10
SHP_L3_0_B1,45.162634,18.003765,11
SHP_L3_0_B1,45.162653,18.003690,12
SHP_L3_0_B1,45.162682,18.003633,13
SHP_L3_0_B1,45.162727,18.003598,14
SHP_L3_0_B1,45.162771,18.003566,15
SHP_L3_0_B1,45.162807,18.003507,16
SHP_L3_0_B1,45.162835,18.003446,17
SHP_L3_0_B1,45.162843,18.003349,18
SHP_L3_0_B1,45.162831,18.003236,19
SHP_L3_0_B1,45.162794,18.003142,20
SHP_L3_0_B1,45.162744,18.003086,21
SHP_L3_0_B1,45.162684,18.003057,22
SHP_L3_0_B1,45.162623,18.003049,23
SHP_L3_0_B1,45.162567,18.003059,24
SHP_L3_0_B1,45.162506,18.003108,25
SHP_L3_0_B1,45.162461,18.003183,26
SHP_L3_0_B1,45.162434,18.003274,27
SHP_L3_0_B1,45.162431,18.003392,28
SHP_L3_0_B1,45.162459,18.003483,29
SHP_L3_0_B1,45.162493,18.003547,30
SHP_L3_0_B1,45.162542,18.003606,31
SHP_L3_0_B1,45.162597,18.003631,32
SHP_L3_0_B1,45.162642,18.003636,33
SHP_L3_0_B1,45.162682,18.003633,34
SHP_L3_0_B2,45.162652,18.009875,1
SHP_L3_0_B2,45.162718,18.009076,2
SHP_L3_0_B2,45.162697,18.008869,3
SHP_L3_0_B2,45.162464,18.008762,4
SHP_L3_0_B2,45.162351,18.008743,5
SHP_L3_0_B2,45.162644,18.004835,6
SHP_L3_0_B2,45.162650,18.004658,7
SHP_L3_0_B2,45.162634,18.004368,8
SHP_L3_0_B2,45.162629,18.004105,9
SHP_L3_0_B2,45.162631,18.003832,10
SHP_L3_0_B2,45.162634,18.003765,11
SHP_L3_0_B2,45.162653,18.003690,12
SHP_L3_0_B2,45.162682,18.003633,13
SHP_L3_0_B2,45.162727,18.003598,14
SHP_L3_0_B2,45.162771,18.003566,15
SHP_L3_0_B2,45.162807,18.003507,16
SHP_L3_0_B2,45.162835,18.003446,17
SHP_L3_0_B2,45.162843,18.003349,18
SHP_L3_0_B2,45.162860,18.003287,19
SHP_L3_0_B2,45.162881,18.003250,20
SHP_L3_0_B2,45.162915,18.003201,21
SHP_L3_0_B2,45.162977,18.003148,22
SHP_L3_0_B2,45.163026,18.003092,23
SHP_L3_0_B2,45.163077,18.003014,24
SHP_L3_0_B2,45.163149,18.002896,25
SHP_L3_0_B2,45.163295,18.002577,26
SHP_L3_0_B2,45.163393,18.002359,27
SHP_L3_0_B2,45.163538,18.002088,28
SHP_L3_0_B2,45.164080,18.001104,29
SHP_L3_0_B2,45.164108,18.001042,30
SHP_L3_0_B2,45.164117,18.000978,31
SHP_L3_0_B2,45.164123,18.000908,32
SHP_L3_0_B2,45.164112,18.000804,33
SHP_L3_0_B2,45.164074,18.000645,34
SHP_L3_0_B2,45.164053,18.000557,35
SHP_L3_0_B2,45.164032,18.000466,36
SHP_L3_0_B2,45.164023,18.000372,37
SHP_L3_0_B2,45.164015,18.000283,38
SHP_L3_0_B2,45.164015,18.000214,39
SHP_L3_0_B2,45.164021,18.000152,40
SHP_L3_0_B2,45.164034,18.000090,41
SHP_L3_0_B2,45.164063,18.000042,42
SHP_L3_0_B2,45.164085,18.000004,43
SHP_L3_0_B2,45.164116,17.999977,44
SHP_L3_0_B2,45.164148,17.999959,45
SHP_L3_0_B2,45.164182,17.999943,46
SHP_L3_0_B2,45.164221,17.999929,47
SHP_L3_0_B2,45.164269,17.999929,48
SHP_L3_0_B2,45.164314,17.999932,49
SHP_L3_0_B2,45.164459,17.999937,50
SHP_L3_0_B2,45.164520,17.999945,51
SHP_L3_0_B2,45.164571,17.999937,52
SHP_L3_0_B2,45.164617,17.999929,53
SHP_L3_0_B2,45.164671,17.999908,54
SHP_L3_0_B2,45.164711,17.999881,55
SHP_L3_0_B2,45.164743,17.999857,56
SHP_L3_0_B2,45.164794,17.999811,57
SHP_L3_0_B2,45.164827,17.999763,58
SHP_L3_0_B2,45.164876,17.999696,59
SHP_L3_0_B2,45.164923,17.999613,60
SHP_L3_0_B2,45.164970,17.999532,61
SHP_L3_0_B2,45.165004,17.999462,62
SHP_L3_0_B2,45.165080,17.999291,63
SHP_L3_0_B2,45.171027,17.985134,64
SHP_L3_0_B2,45.171713,17.983589,65
SHP_L3_0_B2,45.172008,17.982999,66
SHP_L3_0_B2,45.172872,17.981701,67
SHP_L3_0_B2,45.173203,17.981229,68
SHP_L3_0_B2,45.173861,17.980531,69
SHP_L3_0_B2,45.174436,17.979963,70
SHP_L3_0_B2,45.175126,17.979298,71
SHP_L3_0_B2,45.175722,17.980086,72
SHP_L3_0_B2,45.176285,17.980757,73
SHP_L3_0_B2,45.176686,17.981288,74
SHP_L3_0_B2,45.177046,17.981873,75
SHP_L3_0_B2,45.177299,17.982366,76
SHP_L3_0_B2,45.177458,17.982747,77
SHP_L3_0_B2,45.177624,17.983203,78
SHP_L3_0_B2,45.177768,17.983718,79
SHP_L3_0_B3,45.162652,18.009875,1
SHP_L3_0_B3,45.162718,18.009076,2
SHP_L3_0_B3,45.162697,18.008869,3
SHP_L3_0_B3,45.162464,18.008762,4
SHP_L3_0_B3,45.162351,18.008743,5
SHP_L3_0_B3,45.162644,18.004835,6
SHP_L3_0_B3,45.162650,18.004658,7
SHP_L3_0_B3,45.162634,18.004368,8
SHP_L3_0_B3,45.162629,18.004105,9
SHP_L3_0_B3,45.162631,18.003832,10
SHP_L3_0_B3,45.162634,18.003765,11
SHP_L3_0_B3,45.162653,18.003690,12
SHP_L3_0_B3,45.162682,18.003633,13
SHP_L3_0_B3,45.162727,18.003598,14
SHP_L3_0_B3,45.162771,18.003566,15
SHP_L3_0_B3,45.162807,18.003507,16
SHP_L3_0_B3,45.162835,18.003446,17
SHP_L3_0_B3,45.162843,18.003349,18
SHP_L3_0_B3,45.162860,18.003287,19
SHP_L3_0_B3,45.162881,18.003250,20
SHP_L3_0_B3,45.162915,18.003201,21
SHP_L3_0_B3,45.162977,18.003148,22
SHP_L3_0_B3,45.163026,18.003092,23
SHP_L3_0_B3,45.163077,18.003014,24
SHP_L3_0_B3,45.163149,18.002896,25
SHP_L3_0_B3,45.163295,18.002577,26
SHP_L3_0_B3,45.163393,18.002359,27
SHP_L3_0_B3,45.163538,18.002088,28
SHP_L3_0_B3,45.164080,18.001104,29
SHP_L3_0_B3,45.164108,18.001042,30
SHP_L3_0_B3,45.164117,18.000978,31
SHP_L3_0_B3,45.164123,18.000908,32
SHP_L3_0_B3,45.164112,18.000804,33
SHP_L3_0_B3,45.164074,18.000645,34
SHP_L3_0_B3,45.164053,18.000557,35
SHP_L3_0_B3,45.164030,18.000441,36
SHP_L3_0_B3,45.164023,18.000372,37
SHP_L3_0_B3,45.164015,18.000283,38
SHP_L3_0_B3,45.164015,18.000214,39
SHP_L3_0_B3,45.164021,18.000152,40
SHP_L3_0_B3,45.164034,18.000090,41
SHP_L3_0_B3,45.164063,18.000042,42
SHP_L3_0_B3,45.164085,18.000004,43
SHP_L3_0_B3,45.164116,17.999977,44
SHP_L3_0_B3,45.164148,17.999959,45
SHP_L3_0_B3,45.164182,17.999943,46
SHP_L3_0_B3,45.164221,17.999929,47
SHP_L3_0_B3,45.164269,17.999929,48
SHP_L3_0_B3,45.164314,17.999932,49
SHP_L3_0_B3,45.164459,17.999937,50
SHP_L3_0_B3,45.164520,17.999945,51
SHP_L3_0_B3,45.164571,17.999937,52
SHP_L3_0_B3,45.164617,17.999929,53
SHP_L3_0_B3,45.164671,17.999908,54
SHP_L3_0_B3,45.164711,17.999881,55
SHP_L3_0_B3,45.164743,17.999857,56
SHP_L3_0_B3,45.164794,17.999811,57
SHP_L3_0_B3,45.164827,17.999763,58
SHP_L3_0_B3,45.164876,17.999696,59
SHP_L3_0_B3,45.164923,17.999613,60
SHP_L3_0_B3,45.164970,17.999532,61
SHP_L3_0_B3,45.165004,17.999462,62
SHP_L3_0_B3,45.165080,17.999291,63
SHP_L3_0_B3,45.171027,17.985134,64
SHP_L3_0_B3,45.171713,17.983589,65
SHP_L3_0_B3,45.172008,17.982999,66
SHP_L3_0_B3,45.172872,17.981701,67
SHP_L3_0_B3,45.173203,17.981229,68
SHP_L3_0_B3,45.173861,17.980531,69
SHP_L3_0_B3,45.174436,17.979963,70
SHP_L3_0_B3,45.175126,17.979298,71
SHP_L3_0_B3,45.175722,17.980086,72
SHP_L3_0_B3,45.176285,17.980757,73
SHP_L3_0_B3,45.176686,17.981288,74
SHP_L3_0_B3,45.177046,17.981873,75
SHP_L3_0_B3,45.177299,17.982366,76
SHP_L3_0_B3,45.177458,17.982747,77
SHP_L3_0_B3,45.177624,17.983203,78
SHP_L3_0_B3,45.177878,17.984244,79
SHP_L3_0_B3,45.177957,17.984775,80
SHP_L3_0_B3,45.178056,17.985547,81
SHP_L3_0_B3,45.178169,17.986604,82
SHP_L3_0_B3,45.178347,17.988551,83
SHP_L3_0_B3,45.178589,17.990874,84
SHP_L3_0_B3,45.178815,17.993068,85
SHP_L3_0_B3,45.178717,17.993369,86
SHP_L3_0_B3,45.178607,17.993470,87
SHP_L3_0_B3,45.178433,17.993540,88
SHP_L3_0_B3,45.178135,17.993615,89
SHP_L3_0_B3,45.177722,17.993690,90
SHP_L3_0_B3,45.177054,17.993835,91
SHP_L3_0_B3,45.176943,17.993851,92
SHP_L3_0_B3,45.176819,17.993851,93
SHP_L3_0_B3,45.176638,17.993824,94
SHP_L3_0_B3,45.176517,17.993787,95
SHP_L3_0_B3,45.176411,17.993739,96
SHP_L3_0_B3,45.176294,17.993669,97
SHP_L3_0_B3,45.176203,17.993594,98
SHP_L3_0_B3,45.176109,17.993470,99
SHP_L3_0_B3,45.176003,17.993315,100
SHP_L3_0_B3,45.175916,17.993149,101
SHP_L3_0_B3,45.175858,17.992998,102
SHP_L3_0_B3,45.175814,17.992854,103
SHP_L3_0_B3,45.175772,17.992671,104
SHP_L3_0_B3,45.175738,17.992451,105
SHP_L3_0_B3,45.175734,17.992237,106
SHP_L3_0_B3,45.175733,17.992043,107
SHP_L3_0_B3,45.175753,17.991899,108
SHP_L3_0_B3,45.175791,17.991807,109
SHP_L3_0_B3,45.175867,17.991732,110
SHP_L3_0_B3,45.176003,17.991727,111
SHP_L3_0_B3,45.176176,17.991743,112
SHP_L3_0_B3,45.178055,17.991888,113
SHP_L3_0_B3,45.179965,17.992070,114
SHP_L3_0_B3,45.180147,17.992076,115
SHP_L3_0_B3,45.180272,17.992033,116
SHP_L3_0_B3,45.180461,17.991952,117
SHP_L3_0_B3,45.180589,17.991807,118
SHP_L3_0_B3,45.180710,17.991614,119
SHP_L3_0_B3,45.180986,17.991158,120
SHP_L3_0_B3,45.181046,17.991073,121
SHP_L3_0_B3,45.181126,17.990997,122
SHP_L3_0_B3,45.181209,17.990938,123
SHP_L3_0_B3,45.181315,17.990901,124
SHP_L3_0_B3,45.181659,17.990815,125
SHP_L3_0_B3,45.181277,17.987773,126
SHP_L3_0_B3,45.181206,17.987366,127
SHP_L3_0_B3,45.181133,17.987076,128
SHP_L3_0_B3,45.180756,17.986127,129
SHP_L3_0_B3,45.180696,17.985984,130
SHP_L3_0_B3,45.180650,17.985831,131
SHP_L3_0_B3,45.180528,17.985177,132
SHP_L3_0_B3,45.180428,17.984525,133
SHP_L3_0_B3,45.180407,17.984292,134
SHP_L3_0_B3,45.180394,17.984051,135
SHP_L3_0_B3,45.180400,17.983391,136
SHP_L3_0_B3,45.180422,17.982755,137
SHP_L3_0_B3,45.180450,17.981706,138
SHP_L3_0_B3,45.180423,17.979893,139
SHP_L3_0_B3,45.180356,17.978356,140
SHP_L3_0_B3,45.180358,17.977613,141
SHP_L3_0_B3,45.180347,17.977275,142
SHP_L3_0_B3,45.180014,17.977348,143
SHP_L3_0_B3,45.179950,17.977353,144
SHP_L3_0_B3,45.179897,17.977350,145
SHP_L3_0_B3,45.179848,17.977332,146
SHP_L3_0_B3,45.179789,17.977286,147
SHP_L3_0_B3,45.179693,17.977184,148
SHP_L3_0_B3,45.179617,17.977120,149
SHP_L3_0_B3,45.179530,17.977061,150
SHP_L3_0_B3,45.179447,17.976991,151
SHP_L3_0_B3,45.179402,17.976935,152
SHP_L3_0_B3,45.179375,17.976843,153
SHP_L3_0_B3,45.179368,17.976736,154
SHP_L3_0_B3,45.179341,17.976452,155
SHP_L3_0_B3,45.179322,17.976355,156
SHP_L3_0_B3,45.179055,17.975121,157
SHP_L3_0_B3,45.179044,17.975020,158
SHP_L3_0_B3,45.179018,17.974915,159
SHP_L3_0_B3,45.178980,17.974778,160
SHP_L3_0_B3,45.178949,17.974633,161
SHP_L3_0_B3,45.178925,17.974491,162
SHP_L3_0_B3,45.178872,17.973863,163
SHP_L3_0_B3,45.178811,17.972957,164
SHP_L3_0_B3,45.178799,17.972890,165
SHP_L3_0_B3,45.178772,17.972844,166
SHP_L3_0_B3,45.178744,17.972823,167
SHP_L3_0_B3,45.178708,17.972807,168
SHP_L3_0_B3,45.178672,17.972828,169
SHP_L3_0_B3,45.178628,17.972895,170
SHP_L3_0_B3,45.178575,17.973002,171
SHP_L3_0_B3,45.177749,17.975003,172
SHP_L3_0_B3,45.177704,17.975076,173
SHP_L3_0_B3,45.177660,17.975164,174
SHP_L3_0_B3,45.177634,17.975239,175
SHP_L3_0_B3,45.177604,17.975331,176
SHP_L3_0_B3,45.177072,17.976527,177
SHP_L3_0_B3,45.176910,17.976873,178
SHP_L3_0_B3,45.176762,17.977122,179
SHP_L3_0_B3,45.176575,17.977407,180
SHP_L3_0_B3,45.175924,17.978286,181
SHP_L3_0_B3,45.175278,17.979139,182
SHP_L3_0_B3,45.175126,17.979298,183
SHP_L3_0_B4,45.162652,18.009875,1
SHP_L3_0_B4,45.162718,18.009076,2
SHP_L3_0_B4,45.162697,18.008869,3
SHP_L3_0_B4,45.162464,18.008762,4
SHP_L3_0_B4,45.162351,18.008743,5
SHP_L3_0_B4,45.162644,18.004835,6
SHP_L3_0_B4,45.162650,18.004658,7
SHP_L3_0_B4,45.162634,18.004368,8
SHP_L3_0_B4,45.162629,18.004105,9
SHP_L3_0_B4,45.162631,18.003832,10
SHP_L3_0_B4,45.162634,18.003765,11
SHP_L3_0_B4,45.162653,18.003690,12
SHP_L3_0_B4,45.162682,18.003633,13
SHP_L3_0_B4,45.162727,18.003598,14
SHP_L3_0_B4,45.162771,18.003566,15
SHP_L3_0_B4,45.162807,18.003507,16
SHP_L3_0_B4,45.162835,18.003446,17
SHP_L3_0_B4,45.162843,18.003349,18
SHP_L3_0_B4,45.162860,18.003287,19
SHP_L3_0_B4,45.162881,18.003250,20
SHP_L3_0_B4,45.162915,18.003201,21
SHP_L3_0_B4,45.162977,18.003148,22
SHP_L3_0_B4,45.163026,18.003092,23
SHP_L3_0_B4,45.163077,18.003014,24
SHP_L3_0_B4,45.163149,18.002896,25
SHP_L3_0_B4,45.163295,18.002577,26
SHP_L3_0_B4,45.163393,18.002359,27
SHP_L3_0_B4,45.163538,18.002088,28
SHP_L3_0_B4,45.164080,18.001104,29
SHP_L3_0_B4,45.164108,18.001042,30
SHP_L3_0_B4,45.164117,18.000978,31
SHP_L3_0_B4,45.164123,18.000908,32
SHP_L3_0_B4,45.164112,18.000804,33
SHP_L3_0_B4,45.164074,18.000645,34
SHP_L3_0_B4,45.164053,18.000557,35
SHP_L3_0_B4,45.164032,18.000466,36
SHP_L3_0_B4,45.163987,18.000482,37
SHP_L3_0_B4,45.163942,18.000482,38
SHP_L3_0_B4,45.163904,18.000450,39
SHP_L3_0_B4,45.163879,18.000401,40
SHP_L3_0_B4,45.163809,18.000275,41
SHP_L3_0_B4,45.163834,18.000246,42
SHP_L3_0_B4,45.163858,18.000195,43
SHP_L3_0_B4,45.164146,17.998808,44
SHP_L3_0_B4,45.164193,17.998518,45
SHP_L3_0_B4,45.164637,17.995638,46
SHP_L3_0_B4,45.164702,17.995107,47
SHP_L3_0_B4,45.164730,17.994852,48
SHP_L3_0_B4,45.164737,17.994586,49
SHP_L3_0_B4,45.164692,17.994010,50
SHP_L3_0_B4,45.164649,17.993639,51
SHP_L3_0_B4,45.164651,17.993532,52
SHP_L3_0_B4,45.164671,17.993414,53
SHP_L3_0_B4,45.164722,17.993269,54
SHP_L3_0_B4,45.165065,17.992304,55
SHP_L3_0_B4,45.165120,17.992092,56
SHP_L3_0_B4,45.165237,17.991381,57
SHP_L3_0_B4,45.165348,17.990651,58
SHP_L3_0_B4,45.165366,17.990525,59
SHP_L3_0_B4,45.165434,17.990246,60
SHP_L3_0_B4,45.165471,17.990080,61
SHP_L3_0_B4,45.165481,17.990010,62
SHP_L3_0_B4,45.165470,17.989935,63
SHP_L3_0_B4,45.165413,17.989844,64
SHP_L3_0_B4,45.165248,17.989584,65
SHP_L3_0_B4,45.164032,17.991115,66
SHP_L3_0_B4,45.163913,17.991292,67
SHP_L3_0_B4,45.163712,17.991703,68
SHP_L3_0_B4,45.163631,17.991845,69
SHP_L3_0_B4,45.163550,17.992043,70
SHP_L3_0_B4,45.163404,17.992371,71
SHP_L3_0_B4,45.163122,17.993071,72
SHP_L3_0_B4,45.162311,17.995074,73
SHP_L3_0_B4,45.162236,17.995297,74
SHP_L3_0_B4,45.162232,17.995353,75
SHP_L3_0_B4,45.162253,17.995399,76
SHP_L3_0_B4,45.162292,17.995445,77
SHP_L3_0_B4,45.163240,17.996225,78
SHP_L3_0_B4,45.163280,17.996265,79
SHP_L3_0_B4,45.163316,17.996335,80
SHP_L3_0_B4,45.163340,17.996437,81
SHP_L3_0_B4,45.163355,17.996576,82
SHP_L3_0_B4,45.163325,17.996735,83
SHP_L3_0_B4,45.163013,17.998652,84
SHP_L3_0_B4,45.163039,17.998789,85
SHP_L3_0_B4,45.163090,17.998902,86
SHP_L3_0_B4,45.163153,17.999025,87
SHP_L3_0_B4,45.163809,18.000275,88
SHP_L4_0,45.162655,18.009851,1
SHP_L4_0,45.162720,18.009073,2
SHP_L4_0,45.162705,18.008874,3
SHP_L4_0,45.162447,18.008759,4
SHP_L4_0,45.162360,18.008746,5
SHP_L4_0,45.162652,18.004760,6
SHP_L4_0,45.162629,18.004218,7
SHP_L4_0,45.162640,18.003789,8
SHP_L4_0,45.162667,18.003644,9
SHP_L4_0,45.162788,18.003545,10
SHP_L4_0,45.162829,18.003424,11
SHP_L4_0,45.162845,18.003279,12
SHP_L4_0,45.162786,18.003151,13
SHP_L4_0,45.162707,18.003059,14
SHP_L4_0,45.162610,18.003059,15
SHP_L4_0,45.162512,18.003092,16
SHP_L4_0,45.162453,18.003199,17
SHP_L4_0,45.162425,18.003365,18
SHP_L4_0,45.162463,18.003497,19
SHP_L4_0,45.162516,18.003585,20
SHP_L4_0,45.162553,18.003657,21
SHP_L4_0,45.162572,18.003805,22
SHP_L4_0,45.162565,18.004003,23
SHP_L4_0,45.162546,18.004476,24
SHP_L4_0,45.162482,18.005339,25
SHP_L4_0,45.162272,18.008257,26
SHP_L4_0,45.162162,18.009666,27
SHP_L4_0,45.162096,18.010529,28
SHP_L4_0,45.162066,18.010696,29
SHP_L4_0,45.162043,18.010889,30
SHP_L4_0,45.162033,18.010964,31
SHP_L4_0,45.162009,18.011012,32
SHP_L4_0,45.161963,18.011050,33
SHP_L4_0,45.161920,18.011103,34
SHP_L4_0,45.161869,18.011125,35
SHP_L4_0,45.161805,18.011141,36
SHP_L4_0,45.161547,18.011119,37
SHP_L4_0,45.161413,18.011114,38
SHP_L4_0,45.160239,18.010972,39
SHP_L4_0,45.159872,18.010867,40
SHP_L4_0,45.159826,18.010843,41
SHP_L4_0,45.159784,18.010811,42
SHP_L4_0,45.159745,18.010808,43
SHP_L4_0,45.159701,18.010832,44
SHP_L4_0,45.159654,18.010854,45
SHP_L4_0,45.159590,18.010859,46
SHP_L4_0,45.159452,18.010848,47
SHP_L4_0,45.156866,18.010511,48
SHP_L4_0,45.156696,18.010451,49
SHP_L4_0,45.155885,18.010312,50
SHP_L4_0,45.155843,18.010299,51
SHP_L4_0,45.155810,18.010258,52
SHP_L4_0,45.155775,18.010221,53
SHP_L4_0,45.155722,18.010221,54
SHP_L4_0,45.155679,18.010248,55
SHP_L4_0,45.155648,18.010307,56
SHP_L4_0,45.155645,18.010382,57
SHP_L4_0,45.155663,18.010446,58
SHP_L4_0,45.155675,18.010511,59
SHP_L4_0,45.155679,18.010763,60
SHP_L4_0,45.155669,18.011074,61
SHP_L4_0,45.155446,18.013262,62
SHP_L4_0,45.155383,18.013820,63
SHP_L4_0,45.155294,18.014327,64
SHP_L4_0,45.155279,18.014553,65
SHP_L4_0,45.155254,18.014596,66
SHP_L4_0,45.155240,18.014636,67
SHP_L4_0,45.155232,18.014697,68
SHP_L4_0,45.155242,18.014767,69
SHP_L4_0,45.155245,18.014842,70
SHP_L4_0,45.155223,18.014971,71
SHP_L4_0,45.155173,18.015223,72
SHP_L4_0,45.154875,18.016610,73
SHP_L4_0,45.154218,18.019509,74
SHP_L4_0,45.154193,18.019571,75
SHP_L4_0,45.154165,18.019619,76
SHP_L4_0,45.154092,18.019651,77
SHP_L4_0,45.154018,18.019665,78
SHP_L4_0,45.153526,18.019686,79
SHP_L4_0,45.153475,18.019705,80
SHP_L4_0,45.153420,18.019748,81
SHP_L4_0,45.153378,18.019812,82
SHP_L4_0,45.153354,18.019888,83
SHP_L4_0,45.153257,18.020384,84
SHP_L4_0,45.153238,18.020424,85
SHP_L4_0,45.153230,18.020459,86
SHP_L4_0,45.153223,18.020483,87
SHP_L4_0,45.153223,18.020512,88
SHP_L4_0,45.153227,18.020539,89
SHP_L4_0,45.153234,18.020569,90
SHP_L4_0,45.153246,18.020585,91
SHP_L4_0,45.153363,18.020883,92
SHP_L4_0,45.153386,18.020958,93
SHP_L4_0,45.153391,18.021057,94
SHP_L4_0,45.153397,18.021194,95
SHP_L4_0,45.153369,18.021875,96
SHP_L4_0,45.153361,18.022234,97
SHP_L4_0,45.153375,18.022701,98
SHP_L4_0,45.153407,18.023522,99
SHP_L4_0,45.153516,18.023533,100
SHP_L4_0,45.153879,18.023651,101
SHP_L4_0,45.154526,18.023873,102
SHP_L4_0,45.155305,18.024158,103
SHP_L4_0,45.155629,18.024270,104
SHP_L4_0,45.155948,18.024367,105
SHP_L4_0,45.156092,18.024402,106
SHP_L4_0,45.156199,18.024410,107
SHP_L4_0,45.156291,18.024407,108
SHP_L4_0,45.156367,18.024394,109
SHP_L4_0,45.156461,18.024359,110
SHP_L4_0,45.157564,18.023863,111
SHP_L4_0,45.157889,18.023718,112
SHP_L4_0,45.158012,18.023656,113
SHP_L4_0,45.158230,18.023533,114
SHP_L4_0,45.158396,18.023441,115
SHP_L4_0,45.158485,18.023415,116
SHP_L4_0,45.158585,18.023407,117
SHP_L4_0,45.158619,18.023436,118
SHP_L4_0,45.158653,18.023452,119
SHP_L4_0,45.158691,18.023463,120
SHP_L4_0,45.158714,18.023506,121
SHP_L4_0,45.158892,18.023989,122
SHP_L4_0,45.158903,18.024053,123
SHP_L4_0,45.158914,18.024107,124
SHP_L4_0,45.158937,18.024144,125
SHP_L4_0,45.158952,18.024174,126
SHP_L4_0,45.158998,18.024278,127
SHP_L4_0,45.159062,18.024447,128
SHP_L4_0,45.159242,18.025075,129
SHP_L4_0,45.159548,18.026215,130
SHP_L4_0,45.159919,18.027733,131
SHP_L4_0,45.159955,18.028039,132
SHP_L4_0,45.159925,18.028157,133
SHP_L4_0,45.159876,18.028253,134
SHP_L4_0,45.159857,18.028393,135
SHP_L4_0,45.159868,18.028511,136
SHP_L4_0,45.159906,18.028607,137
SHP_L4_0,45.159902,18.028709,138
SHP_L4_0,45.159860,18.028822,139
SHP_L4_0,45.159800,18.028935,140
SHP_L4_0,45.159683,18.029026,141
SHP_L4_0,45.158234,18.029975,142
SHP_L4_0,45.158658,18.031268,143
SHP_L4_0,45.159209,18.030514,144
SHP_L4_0,45.159484,18.029940,145
SHP_L4_0,45.159671,18.029412,146
SHP_L4_0,45.159569,18.029138,147
SHP_L4_0,45.159826,18.028937,148
SHP_L4_0,45.159909,18.028886,149
SHP_L4_0,45.160004,18.028790,150
SHP_L4_0,45.160027,18.028763,151
SHP_L4_0,45.160076,18.028774,152
SHP_L4_0,45.160136,18.028806,153
SHP_L4_0,45.160198,18.028894,154
SHP_L4_0,45.160276,18.029085,155
SHP_L4_0,45.160354,18.029439,156
SHP_L4_0,45.160495,18.029860,157
SHP_L4_0,45.160575,18.030037,158
SHP_L4_0,45.160809,18.030490,159
SHP_L4_0,45.161957,18.032505,160
SHP_L4_0,45.163417,18.034865,161
SHP_L4_0,45.164849,18.037099,162
SHP_L4_0,45.165187,18.037590,163
SHP_L4_0,45.165339,18.037797,164
SHP_L4_0,45.165562,18.038033,165
SHP_L4_0,45.166424,18.038875,166
SHP_L4_0,45.168024,18.040350,167
SHP_L4_0,45.169363,18.041487,168
SHP_L4_0,45.170819,18.042729,169
SHP_L4_0,45.171566,18.043354,170
SHP_L4_0,45.172239,18.043942,171
SHP_L4_0,45.172498,18.044204,172
SHP_L4_0,45.172717,18.044462,173
SHP_L4_0,45.172876,18.044674,174
SHP_L4_0,45.173011,18.044886,175
SHP_L4_0,45.173217,18.045312,176
SHP_L4_0,45.173415,18.045765,177
SHP_L4_0,45.173521,18.046047,178
SHP_L4_0,45.173618,18.046339,179
SHP_L4_0,45.173911,18.047246,180
SHP_L4_0,45.174062,18.047823,181
SHP_L4_0,45.174347,18.048992,182
SHP_L4_0,45.174622,18.050137,183
SHP_L4_0,45.175315,18.052830,184
SHP_L4_0,45.175389,18.053136,185
SHP_L4_0,45.175442,18.053450,186
SHP_L4_0,45.175446,18.053600,187
SHP_L4_0,45.175453,18.053716,188
SHP_L4_0,45.175484,18.053766,189
SHP_L4_0,45.175529,18.053817,190
SHP_L4_0,45.175575,18.053820,191
SHP_L4_0,45.175635,18.053809,192
SHP_L4_0,45.175713,18.053815,193
SHP_L4_0,45.175798,18.053868,194
SHP_L4_0,45.175907,18.054008,195
SHP_L4_0,45.175956,18.054080,196
SHP_L4_0,45.176501,18.055014,197
SHP_L4_0,45.176989,18.054174,198
SHP_L4_0,45.178175,18.052120,199
SHP_L4_0,45.179573,18.049698,200
SHP_L4_0,45.180999,18.047241,201
SHP_L4_0,45.179536,18.046723,202
SHP_L4_0,45.179249,18.048273,203
SHP_L4_0,45.179116,18.048662,204
SHP_L4_0,45.177129,18.052087,205
SHP_L4_0,45.175956,18.054080,206
SHP_L4_0_B1,45.162655,18.009851,1
SHP_L4_0_B1,45.162720,18.009073,2
SHP_L4_0_B1,45.162705,18.008874,3
SHP_L4_0_B1,45.162447,18.008759,4
SHP_L4_0_B1,45.162360,18.008746,5
SHP_L4_0_B1,45.162652,18.004760,6
SHP_L4_0_B1,45.162629,18.004218,7
SHP_L4_0_B1,45.162640,18.003789,8
SHP_L4_0_B1,45.162667,18.003644,9
SHP_L4_0_B1,45.162788,18.003545,10
SHP_L4_0_B1,45.162829,18.003424,11
SHP_L4_0_B1,45.162845,18.003279,12
SHP_L4_0_B1,45.162786,18.003151,13
SHP_L4_0_B1,45.162707,18.003059,14
SHP_L4_0_B1,45.162610,18.003059,15
SHP_L4_0_B1,45.162512,18.003092,16
SHP_L4_0_B1,45.162453,18.003199,17
SHP_L4_0_B1,45.162425,18.003365,18
SHP_L4_0_B1,45.162463,18.003497,19
SHP_L4_0_B1,45.162516,18.003585,20
SHP_L4_0_B1,45.162553,18.003657,21
SHP_L4_0_B1,45.162572,18.003805,22
SHP_L4_0_B1,45.162565,18.004003,23
SHP_L4_0_B1,45.162546,18.004476,24
SHP_L4_0_B1,45.162482,18.005339,25
SHP_L4_0_B1,45.162272,18.008257,26
SHP_L4_0_B1,45.162162,18.009666,27
SHP_L4_0_B1,45.162096,18.010529,28
SHP_L4_0_B1,45.162066,18.010696,29
SHP_L4_0_B1,45.162043,18.010889,30
SHP_L4_0_B1,45.162033,18.010964,31
SHP_L4_0_B1,45.162009,18.011012,32
SHP_L4_0_B1,45.161963,18.011050,33
SHP_L4_0_B1,45.161920,18.011103,34
SHP_L4_0_B1,45.161869,18.011125,35
SHP_L4_0_B1,45.161805,18.011141,36
SHP_L4_0_B1,45.161547,18.011119,37
SHP_L4_0_B1,45.161413,18.011114,38
SHP_L4_0_B1,45.160239,18.010972,39
SHP_L4_0_B1,45.159872,18.010867,40
SHP_L4_0_B1,45.159826,18.010843,41
SHP_L4_0_B1,45.159784,18.010811,42
SHP_L4_0_B1,45.159745,18.010808,43
SHP_L4_0_B1,45.159701,18.010832,44
SHP_L4_0_B1,45.159654,18.010854,45
SHP_L4_0_B1,45.159590,18.010859,46
SHP_L4_0_B1,45.159452,18.010848,47
SHP_L4_0_B1,45.156866,18.010511,48
SHP_L4_0_B1,45.156696,18.010451,49
SHP_L4_0_B1,45.155885,18.010312,50
SHP_L4_0_B1,45.155843,18.010299,51
SHP_L4_0_B1,45.155810,18.010258,52
SHP_L4_0_B1,45.155775,18.010221,53
SHP_L4_0_B1,45.155722,18.010221,54
SHP_L4_0_B1,45.155679,18.010248,55
SHP_L4_0_B1,45.155648,18.010307,56
SHP_L4_0_B1,45.155645,18.010382,57
SHP_L4_0_B1,45.155663,18.010446,58
SHP_L4_0_B1,45.155675,18.010511,59
SHP_L4_0_B1,45.155679,18.010763,60
SHP_L4_0_B1,45.155669,18.011074,61
SHP_L4_0_B1,45.155446,18.013262,62
SHP_L4_0_B1,45.155383,18.013820,63
SHP_L4_0_B1,45.155294,18.014327,64
SHP_L4_0_B1,45.155279,18.014553,65
SHP_L4_0_B1,45.155254,18.014596,66
SHP_L4_0_B1,45.155240,18.014636,67
SHP_L4_0_B1,45.155232,18.014697,68
SHP_L4_0_B1,45.155242,18.014767,69
SHP_L4_0_B1,45.155245,18.014842,70
SHP_L4_0_B1,45.155223,18.014971,71
SHP_L4_0_B1,45.155173,18.015223,72
SHP_L4_0_B1,45.154875,18.016610,73
SHP_L4_0_B1,45.154218,18.019509,74
SHP_L4_0_B1,45.154193,18.019571,75
SHP_L4_0_B1,45.154165,18.019619,76
SHP_L4_0_B1,45.154092,18.019651,77
SHP_L4_0_B1,45.154018,18.019665,78
SHP_L4_0_B1,45.153526,18.019686,79
SHP_L4_0_B1,45.153475,18.019705,80
SHP_L4_0_B1,45.153420,18.019748,81
SHP_L4_0_B1,45.153378,18.019812,82
SHP_L4_0_B1,45.153354,18.019888,83
SHP_L4_0_B1,45.153257,18.020384,84
SHP_L4_0_B1,45.153238,18.020424,85
SHP_L4_0_B1,45.153230,18.020459,86
SHP_L4_0_B1,45.153223,18.020483,87
SHP_L4_0_B1,45.153223,18.020512,88
SHP_L4_0_B1,45.153227,18.020539,89
SHP_L4_0_B1,45.153234,18.020569,90
SHP_L4_0_B1,45.153246,18.020585,91
SHP_L4_0_B1,45.153363,18.020883,92
SHP_L4_0_B1,45.153386,18.020958,93
SHP_L4_0_B1,45.153391,18.021057,94
SHP_L4_0_B1,45.153397,18.021194,95
SHP_L4_0_B1,45.153369,18.021875,96
SHP_L4_0_B1,45.153361,18.022234,97
SHP_L4_0_B1,45.153375,18.022701,98
SHP_L4_0_B1,45.153407,18.023522,99
SHP_L4_0_B1,45.153516,18.023533,100
SHP_L4_0_B1,45.153879,18.023651,101
SHP_L4_0_B1,45.154526,18.023873,102
SHP_L4_0_B1,45.155305,18.024158,103
SHP_L4_0_B1,45.155629,18.024270,104
SHP_L4_0_B1,45.155948,18.024367,105
SHP_L4_0_B1,45.156092,18.024402,106
SHP_L4_0_B1,45.156199,18.024410,107
SHP_L4_0_B1,45.156291,18.024407,108
SHP_L4_0_B1,45.156367,18.024394,109
SHP_L4_0_B1,45.156461,18.024359,110
SHP_L4_0_B1,45.157564,18.023863,111
SHP_L4_0_B1,45.157889,18.023718,112
SHP_L4_0_B1,45.158012,18.023656,113
SHP_L4_0_B1,45.158230,18.023533,114
SHP_L4_0_B1,45.158396,18.023441,115
SHP_L4_0_B1,45.158485,18.023415,116
SHP_L4_0_B1,45.158585,18.023407,117
SHP_L4_0_B1,45.158619,18.023436,118
SHP_L4_0_B1,45.158653,18.023452,119
SHP_L4_0_B1,45.158691,18.023463,120
SHP_L4_0_B1,45.158714,18.023506,121
SHP_L4_0_B1,45.158892,18.023989,122
SHP_L4_0_B1,45.158903,18.024053,123
SHP_L4_0_B1,45.158914,18.024107,124
SHP_L4_0_B1,45.158937,18.024144,125
SHP_L4_0_B1,45.158952,18.024174,126
SHP_L4_0_B1,45.158998,18.024278,127
SHP_L4_0_B1,45.159062,18.024447,128
SHP_L4_0_B1,45.159242,18.025075,129
SHP_L4_0_B1,45.159548,18.026215,130
SHP_L4_0_B1,45.159919,18.027733,131
SHP_L4_0_B1,45.159955,18.028039,132
SHP_L4_0_B1,45.159925,18.028157,133
SHP_L4_0_B1,45.159876,18.028253,134
SHP_L4_0_B1,45.159857,18.028393,135
SHP_L4_0_B1,45.159868,18.028511,136
SHP_L4_0_B1,45.159906,18.028607,137
SHP_L4_0_B1,45.159902,18.028709,138
SHP_L4_0_B1,45.159860,18.028822,139
SHP_L4_0_B1,45.159800,18.028935,140
SHP_L4_0_B1,45.159683,18.029026,141
SHP_L4_0_B1,45.158234,18.029975,142
SHP_L4_0_B1,45.158658,18.031268,143
SHP_L4_0_B1,45.159209,18.030514,144
SHP_L4_0_B1,45.159484,18.029940,145
SHP_L4_0_B1,45.159671,18.029412,146
SHP_L4_0_B1,45.159569,18.029138,147
SHP_L4_0_B1,45.159826,18.028937,148
SHP_L4_0_B1,45.159909,18.028886,149
SHP_L4_0_B1,45.160004,18.028790,150
SHP_L4_0_B1,45.160027,18.028763,151
SHP_L4_0_B1,45.160076,18.028774,152
SHP_L4_0_B1,45.160136,18.028806,153
SHP_L4_0_B1,45.160198,18.028894,154
SHP_L4_0_B1,45.160276,18.029085,155
SHP_L4_0_B1,45.160354,18.029439,156
SHP_L4_0_B1,45.160495,18.029860,157
SHP_L4_0_B1,45.160575,18.030037,158
SHP_L4_0_B1,45.160809,18.030490,159
SHP_L4_0_B1,45.161957,18.032505,160
SHP_L4_0_B1,45.163417,18.034865,161
SHP_L4_0_B1,45.164849,18.037099,162
SHP_L4_0_B1,45.165187,18.037590,163
SHP_L4_0_B1,45.165339,18.037797,164
SHP_L4_0_B1,45.165562,18.038033,165
SHP_L4_0_B1,45.166424,18.038875,166
SHP_L4_0_B1,45.168024,18.040350,167
SHP_L4_0_B1,45.169363,18.041487,168
SHP_L4_0_B1,45.170819,18.042729,169
SHP_L4_0_B1,45.171566,18.043354,170
SHP_L4_0_B1,45.172239,18.043942,171
SHP_L4_0_B1,45.172498,18.044204,172
SHP_L4_0_B1,45.172733,18.044473,173
SHP_L4_0_B1,45.172774,18.044395,174
SHP_L4_0_B1,45.172820,18.044317,175
SHP_L4_0_B1,45.172841,18.044239,176
SHP_L4_0_B1,45.173005,18.043268,177
SHP_L4_0_B1,45.173521,18.040586,178
SHP_L4_0_B1,45.174448,18.035635,179
SHP_L4_0_B1,45.175253,18.031311,180
SHP_L4_0_B1,45.175977,18.027366,181
SHP_L4_0_B1,45.173566,18.026472,182
SHP_L4_0_B1,45.172846,18.030490,183
SHP_L4_0_B1,45.171998,18.035302,184
SHP_L4_0_B1,45.171780,18.036512,185
SHP_L4_0_B1,45.171582,18.037732,186
SHP_L4_0_B1,45.171379,18.038668,187
SHP_L4_0_B1,45.173521,18.040586,188
SHP_L5_0,45.162652,18.009875,1
SHP_L5_0,45.162718,18.009076,2
SHP_L5_0,45.162697,18.008869,3
SHP_L5_0,45.162464,18.008762,4
SHP_L5_0,45.162351,18.008743,5
SHP_L5_0,45.162644,18.004835,6
SHP_L5_0,45.162650,18.004658,7
SHP_L5_0,45.162634,18.004368,8
SHP_L5_0,45.162629,18.004105,9
SHP_L5_0,45.162631,18.003832,10
SHP_L5_0,45.162634,18.003765,11
SHP_L5_0,45.162653,18.003690,12
SHP_L5_0,45.162682,18.003633,13
SHP_L5_0,45.162727,18.003598,14
SHP_L5_0,45.162771,18.003566,15
SHP_L5_0,45.162807,18.003507,16
SHP_L5_0,45.162835,18.003446,17
SHP_L5_0,45.162843,18.003349,18
SHP_L5_0,45.162831,18.003236,19
SHP_L5_0,45.162794,18.003142,20
SHP_L5_0,45.162744,18.003086,21
SHP_L5_0,45.162684,18.003057,22
SHP_L5_0,45.162623,18.003049,23
SHP_L5_0,45.162567,18.003059,24
SHP_L5_0,45.162506,18.003108,25
SHP_L5_0,45.162461,18.003183,26
SHP_L5_0,45.162434,18.003274,27
SHP_L5_0,45.162431,18.003392,28
SHP_L5_0,45.162459,18.003483,29
SHP_L5_0,45.162493,18.003547,30
SHP_L5_0,45.162542,18.003606,31
SHP_L5_0,45.162566,18.003708,32
SHP_L5_0,45.162567,18.003848,33
SHP_L5_0,45.162559,18.004138,34
SHP_L5_0,45.162540,18.004626,35
SHP_L5_0,45.162423,18.006324,36
SHP_L5_0,45.162262,18.008510,37
SHP_L5_0,45.162096,18.010500,38
SHP_L5_0,45.162054,18.010655,39
SHP_L5_0,45.162047,18.010749,40
SHP_L5_0,45.162029,18.010942,41
SHP_L5_0,45.162012,18.010988,42
SHP_L5_0,45.161986,18.011007,43
SHP_L5_0,45.161937,18.011052,44
SHP_L5_0,45.161903,18.011141,45
SHP_L5_0,45.161889,18.011216,46
SHP_L5_0,45.161890,18.011288,47
SHP_L5_0,45.161910,18.011371,48
SHP_L5_0,45.161937,18.011414,49
SHP_L5_0,45.161960,18.011476,50
SHP_L5_0,45.161973,18.011581,51
SHP_L5_0,45.161978,18.011817,52
SHP_L5_0,45.161972,18.011924,53
SHP_L5_0,45.161961,18.012023,54
SHP_L5_0,45.161714,18.014424,55
SHP_L5_0,45.161621,18.015164,56
SHP_L5_0,45.161534,18.016025,57
SHP_L5_0,45.161500,18.016111,58
SHP_L5_0,45.161462,18.016162,59
SHP_L5_0,45.161445,18.016226,60
SHP_L5_0,45.161435,18.016280,61
SHP_L5_0,45.161443,18.016331,62
SHP_L5_0,45.161460,18.016390,63
SHP_L5_0,45.161483,18.016433,64
SHP_L5_0,45.161511,18.016486,65
SHP_L5_0,45.161519,18.016604,66
SHP_L5_0,45.161479,18.017621,67
SHP_L5_0,45.161485,18.017903,68
SHP_L5_0,45.161369,18.019550,69
SHP_L5_0,45.161343,18.019729,70
SHP_L5_0,45.161297,18.019820,71
SHP_L5_0,45.161275,18.019871,72
SHP_L5_0,45.161267,18.019920,73
SHP_L5_0,45.161265,18.019965,74
SHP_L5_0,45.161275,18.020008,75
SHP_L5_0,45.161296,18.020070,76
SHP_L5_0,45.161315,18.020148,77
SHP_L5_0,45.161316,18.020228,78
SHP_L5_0,45.161310,18.020311,79
SHP_L5_0,45.161155,18.022277,80
SHP_L5_0,45.161154,18.022570,81
SHP_L5_0,45.161118,18.023289,82
SHP_L5_0,45.160441,18.023348,83
SHP_L5_0,45.159202,18.023897,84
SHP_L5_0,45.159034,18.023962,85
SHP_L5_0,45.158986,18.023962,86
SHP_L5_0,45.158954,18.023948,87
SHP_L5_0,45.158954,18.023948,88
SHP_L5_0,45.158933,18.023914,89
SHP_L5_0,45.158750,18.023436,90
SHP_L5_0,45.158733,18.023393,91
SHP_L5_0,45.158726,18.023350,92
SHP_L5_0,45.158726,18.023350,93
SHP_L5_0,45.158726,18.023350,94
SHP_L5_0,45.158726,18.023350,95
SHP_L5_0,45.158720,18.023310,96
SHP_L5_0,45.158720,18.023310,97
SHP_L5_0,45.158720,18.023310,98
SHP_L5_0,45.158720,18.023310,99
SHP_L5_0,45.158701,18.023267,100
SHP_L5_0,45.158659,18.023254,101
SHP_L5_0,45.158618,18.023264,102
SHP_L5_0,45.158586,18.023310,103
SHP_L5_0,45.158548,18.023345,104
SHP_L5_0,45.158423,18.023409,105
SHP_L5_0,45.157908,18.023691,106
SHP_L5_0,45.156395,18.024372,107
SHP_L5_0,45.156164,18.024399,108
SHP_L5_0,45.155985,18.024353,109
SHP_L5_0,45.155618,18.024251,110
SHP_L5_0,45.153889,18.023643,111
SHP_L5_0,45.153512,18.023522,112
SHP_L5_0,45.153423,18.023519,113
SHP_L5_0,45.153393,18.022717,114
SHP_L5_0,45.153382,18.022277,115
SHP_L5_0,45.153387,18.021880,116
SHP_L5_0,45.153418,18.021092,117
SHP_L5_0,45.153369,18.020743,118
SHP_L5_0,45.153359,18.020684,119
SHP_L5_0,45.153361,18.020614,120
SHP_L5_0,45.153375,18.020561,121
SHP_L5_0,45.153384,18.020502,122
SHP_L5_0,45.153371,18.020448,123
SHP_L5_0,45.153344,18.020405,124
SHP_L5_0,45.153344,18.020405,125
SHP_L5_0,45.153329,18.020378,126
SHP_L5_0,45.153325,18.020341,127
SHP_L5_0,45.153331,18.020282,128
SHP_L5_0,45.153388,18.019960,129
SHP_L5_0,45.153407,18.019820,130
SHP_L5_0,45.153429,18.019767,131
SHP_L5_0,45.153499,18.019716,132
SHP_L5_0,45.154027,18.019692,133
SHP_L5_0,45.154118,18.019678,134
SHP_L5_0,45.154188,18.019627,135
SHP_L5_0,45.154229,18.019555,136
SHP_L5_0,45.154269,18.019410,137
SHP_L5_0,45.154884,18.016685,138
SHP_L5_0,45.155235,18.015065,139
SHP_L5_0,45.155289,18.014936,140
SHP_L5_0,45.155334,18.014848,141
SHP_L5_0,45.155385,18.014770,142
SHP_L5_0,45.155406,18.014727,143
SHP_L5_0,45.155413,18.014673,144
SHP_L5_0,45.155402,18.014617,145
SHP_L5_0,45.155383,18.014571,146
SHP_L5_0,45.155372,18.014520,147
SHP_L5_0,45.155364,18.014467,148
SHP_L5_0,45.155360,18.014408,149
SHP_L5_0,45.155360,18.014330,150
SHP_L5_0,45.155368,18.014107,151
SHP_L5_0,45.155374,18.013997,152
SHP_L5_0,45.155398,18.013828,153
SHP_L5_0,45.155432,18.013571,154
SHP_L5_0,45.155684,18.011071,155
SHP_L5_0,45.155708,18.010961,156
SHP_L5_0,45.155739,18.010706,157
SHP_L5_0,45.155765,18.010543,158
SHP_L5_0,45.155796,18.010481,159
SHP_L5_0,45.155835,18.010438,160
SHP_L5_0,45.155886,18.010419,161
SHP_L5_0,45.156011,18.010417,162
SHP_L5_0,45.156168,18.010443,163
SHP_L5_0,45.156628,18.010529,164
SHP_L5_0,45.156732,18.010535,165
SHP_L5_0,45.156809,18.010532,166
SHP_L5_0,45.157152,18.010580,167
SHP_L5_0,45.158408,18.010747,168
SHP_L5_0,45.159427,18.010870,169
SHP_L5_0,45.159525,18.010886,170
SHP_L5_0,45.159607,18.010921,171
SHP_L5_0,45.159663,18.010953,172
SHP_L5_0,45.159716,18.010985,173
SHP_L5_0,45.159747,18.011007,174
SHP_L5_0,45.159777,18.010993,175
SHP_L5_0,45.159809,18.010977,176
SHP_L5_0,45.159821,18.010934,177
SHP_L5_0,45.159821,18.010878,178
SHP_L5_0,45.159802,18.010840,179
SHP_L5_0,45.159782,18.010808,180
SHP_L5_0,45.159769,18.010755,181
SHP_L5_0,45.159763,18.010677,182
SHP_L5_0,45.159768,18.010594,183
SHP_L5_0,45.160110,18.005342,184
SHP_L5_0,45.160111,18.005253,185
SHP_L5_0,45.160108,18.005146,186
SHP_L5_0,45.160075,18.004964,187
SHP_L5_0,45.160049,18.004848,188
SHP_L5_0,45.159962,18.004607,189
SHP_L5_0,45.159875,18.004360,190
SHP_L5_0,45.159781,18.004097,191
SHP_L5_0,45.159582,18.003545,192
SHP_L5_0,45.159542,18.003397,193
SHP_L5_0,45.159518,18.003260,194
SHP_L5_0,45.159502,18.003081,195
SHP_L5_0,45.159508,18.002941,196
SHP_L5_0,45.159525,18.002796,197
SHP_L5_0,45.159563,18.002555,198
SHP_L5_0,45.159611,18.002300,199
SHP_L5_0,45.160316,18.002555,200
SHP_L5_0,45.160811,18.002673,201
SHP_L5_0,45.161227,18.002767,202
SHP_L5_0,45.161882,18.002901,203
SHP_L5_0,45.161954,18.002931,204
SHP_L5_0,45.162008,18.002968,205
SHP_L5_0,45.162058,18.003022,206
SHP_L5_0,45.162109,18.003092,207
SHP_L5_0,45.162149,18.003140,208
SHP_L5_0,45.162207,18.003204,209
SHP_L5_0,45.162272,18.003266,210
SHP_L5_0,45.162334,18.003298,211
SHP_L5_0,45.162383,18.003333,212
SHP_L5_0,45.162431,18.003392,213
SHP_L5_0_B1,45.162652,18.009875,1
SHP_L5_0_B1,45.162718,18.009076,2
SHP_L5_0_B1,45.162697,18.008869,3
SHP_L5_0_B1,45.162464,18.008762,4
SHP_L5_0_B1,45.162351,18.008743,5
SHP_L5_0_B1,45.162644,18.004835,6
SHP_L5_0_B1,45.162650,18.004658,7
SHP_L5_0_B1,45.162634,18.004368,8
SHP_L5_0_B1,45.162629,18.004105,9
SHP_L5_0_B1,45.162631,18.003832,10
SHP_L5_0_B1,45.162634,18.003765,11
SHP_L5_0_B1,45.162653,18.003690,12
SHP_L5_0_B1,45.162682,18.003633,13
SHP_L5_0_B1,45.162727,18.003598,14
SHP_L5_0_B1,45.162771,18.003566,15
SHP_L5_0_B1,45.162807,18.003507,16
SHP_L5_0_B1,45.162835,18.003446,17
SHP_L5_0_B1,45.162843,18.003349,18
SHP_L5_0_B1,45.162831,18.003236,19
SHP_L5_0_B1,45.162794,18.003142,20
SHP_L5_0_B1,45.162744,18.003086,21
SHP_L5_0_B1,45.162684,18.003057,22
SHP_L5_0_B1,45.162623,18.003049,23
SHP_L5_0_B1,45.162567,18.003059,24
SHP_L5_0_B1,45.162506,18.003108,25
SHP_L5_0_B1,45.162461,18.003183,26
SHP_L5_0_B1,45.162434,18.003274,27
SHP_L5_0_B1,45.162431,18.003392,28
SHP_L5_0_B1,45.162459,18.003483,29
SHP_L5_0_B1,45.162493,18.003547,30
SHP_L5_0_B1,45.162542,18.003606,31
SHP_L5_0_B1,45.162584,18.003628,32
SHP_L5_0_B1,45.162621,18.003633,33
SHP_L5_0_B1,45.162682,18.003633,34
SHP_L5_0_B2,45.162652,18.009875,1
SHP_L5_0_B2,45.162718,18.009076,2
SHP_L5_0_B2,45.162697,18.008869,3
SHP_L5_0_B2,45.162464,18.008762,4
SHP_L5_0_B2,45.162351,18.008743,5
SHP_L5_0_B2,45.162644,18.004835,6
SHP_L5_0_B2,45.162650,18.004658,7
SHP_L5_0_B2,45.162634,18.004368,8
SHP_L5_0_B2,45.162629,18.004105,9
SHP_L5_0_B2,45.162631,18.003832,10
SHP_L5_0_B2,45.162634,18.003765,11
SHP_L5_0_B2,45.162653,18.003690,12
SHP_L5_0_B2,45.162682,18.003633,13
SHP_L5_0_B2,45.162727,18.003598,14
SHP_L5_0_B2,45.162771,18.003566,15
SHP_L5_0_B2,45.162807,18.003507,16
SHP_L5_0_B2,45.162835,18.003446,17
SHP_L5_0_B2,45.162843,18.003349,18
SHP_L5_0_B2,45.162831,18.003236,19
SHP_L5_0_B2,45.162794,18.003142,20
SHP_L5_0_B2,45.162744,18.003086,21
SHP_L5_0_B2,45.162722,18.003014,22
SHP_L5_0_B2,45.162708,18.002928,23
SHP_L5_0_B2,45.162710,18.002786,24
SHP_L5_0_B2,45.162752,18.002193,25
SHP_L5_0_B2,45.162752,18.001989,26
SHP_L5_0_B2,45.162761,18.001737,27
SHP_L5_0_B2,45.162773,18.001555,28
SHP_L5_0_B2,45.162782,18.001372,29
SHP_L5_0_B2,45.162786,18.001115,30
SHP_L5_0_B2,45.162782,18.000889,31
SHP_L5_0_B2,45.162765,18.000675,32
SHP_L5_0_B2,45.162729,18.000412,33
SHP_L5_0_B2,45.162674,18.000176,34
SHP_L5_0_B2,45.162606,17.999999,35
SHP_L5_0_B2,45.162449,17.999699,36
SHP_L5_0_B2,45.162343,17.999511,37
SHP_L5_0_B2,45.162266,17.999323,38
SHP_L5_0_B2,45.162179,17.999138,39
SHP_L5_0_B2,45.161878,17.998575,40
SHP_L5_0_B2,45.161753,17.998387,41
SHP_L5_0_B2,45.161592,17.998234,42
SHP_L5_0_B2,45.159989,17.997167,43
SHP_L5_0_B2,45.159720,17.996971,44
SHP_L5_0_B2,45.159680,17.996939,45
SHP_L5_0_B2,45.159648,17.996893,46
SHP_L5_0_B2,45.159622,17.996831,47
SHP_L5_0_B2,45.159603,17.996778,48
SHP_L5_0_B2,45.159576,17.996724,49
SHP_L5_0_B2,45.159539,17.996700,50
SHP_L5_0_B2,45.159539,17.996700,51
SHP_L5_0_B2,45.159516,17.996660,52
SHP_L5_0_B2,45.159503,17.996590,53
SHP_L5_0_B2,45.159472,17.996348,54
SHP_L5_0_B2,45.159465,17.996281,55
SHP_L5_0_B2,45.159463,17.996193,56
SHP_L5_0_B2,45.159459,17.995807,57
SHP_L5_0_B2,45.159451,17.995726,58
SHP_L5_0_B2,45.159431,17.995675,59
SHP_L5_0_B2,45.159397,17.995648,60
SHP_L5_0_B2,45.159346,17.995651,61
SHP_L5_0_B2,45.157942,17.995756,62
SHP_L5_0_B2,45.156163,17.995986,63
SHP_L5_0_B2,45.156115,17.995882,64
SHP_L5_0_B2,45.156072,17.995756,65
SHP_L5_0_B3,45.162652,18.009875,1
SHP_L5_0_B3,45.162718,18.009076,2
SHP_L5_0_B3,45.162697,18.008869,3
SHP_L5_0_B3,45.162464,18.008762,4
SHP_L5_0_B3,45.162351,18.008743,5
SHP_L5_0_B3,45.162644,18.004835,6
SHP_L5_0_B3,45.162650,18.004658,7
SHP_L5_0_B3,45.162634,18.004368,8
SHP_L5_0_B3,45.162629,18.004105,9
SHP_L5_0_B3,45.162631,18.003832,10
SHP_L5_0_B3,45.162634,18.003765,11
SHP_L5_0_B3,45.162653,18.003690,12
SHP_L5_0_B3,45.162682,18.003633,13
SHP_L5_0_B3,45.162727,18.003598,14
SHP_L5_0_B3,45.162771,18.003566,15
SHP_L5_0_B3,45.162807,18.003507,16
SHP_L5_0_B3,45.162835,18.003446,17
SHP_L5_0_B3,45.162843,18.003349,18
SHP_L5_0_B3,45.162831,18.003236,19
SHP_L5_0_B3,45.162794,18.003142,20
SHP_L5_0_B3,45.162744,18.003086,21
SHP_L5_0_B3,45.162722,18.003014,22
SHP_L5_0_B3,45.162708,18.002928,23
SHP_L5_0_B3,45.162710,18.002786,24
SHP_L5_0_B3,45.162752,18.002193,25
SHP_L5_0_B3,45.162752,18.001989,26
SHP_L5_0_B3,45.162761,18.001737,27
SHP_L5_0_B3,45.162773,18.001555,28
SHP_L5_0_B3,45.162782,18.001372,29
SHP_L5_0_B3,45.162786,18.001115,30
SHP_L5_0_B3,45.162782,18.000889,31
SHP_L5_0_B3,45.162765,18.000675,32
SHP_L5_0_B3,45.162729,18.000412,33
SHP_L5_0_B3,45.162674,18.000176,34
SHP_L5_0_B3,45.162606,17.999999,35
SHP_L5_0_B3,45.162449,17.999699,36
SHP_L5_0_B3,45.162343,17.999511,37
SHP_L5_0_B3,45.162266,17.999323,38
SHP_L5_0_B3,45.162179,17.999138,39
SHP_L5_0_B3,45.161878,17.998575,40
SHP_L5_0_B3,45.161753,17.998387,41
SHP_L5_0_B3,45.161592,17.998234,42
SHP_L5_0_B3,45.159989,17.997167,43
SHP_L5_0_B3,45.159720,17.996971,44
SHP_L5_0_B3,45.159680,17.996939,45
SHP_L5_0_B3,45.159648,17.996893,46
SHP_L5_0_B3,45.159622,17.996831,47
SHP_L5_0_B3,45.159603,17.996778,48
SHP_L5_0_B3,45.159576,17.996724,49
SHP_L5_0_B3,45.159539,17.996700,50
SHP_L5_0_B3,45.159539,17.996700,51
SHP_L5_0_B3,45.159516,17.996660,52
SHP_L5_0_B3,45.159503,17.996590,53
SHP_L5_0_B3,45.159472,17.996348,54
SHP_L5_0_B3,45.159465,17.996281,55
SHP_L5_0_B3,45.159463,17.996193,56
SHP_L5_0_B3,45.159459,17.995807,57
SHP_L5_0_B3,45.159451,17.995726,58
SHP_L5_0_B3,45.159431,17.995675,59
SHP_L5_0_B3,45.159397,17.995648,60
SHP_L5_0_B3,45.159346,17.995651,61
SHP_L5_0_B3,45.157942,17.995756,62
SHP_L5_0_B3,45.156163,17.995986,63
SHP_L5_0_B3,45.156115,17.995882,64
SHP_L5_0_B3,45.156072,17.995756,65
SHP_L5_0_B3,45.154893,17.991585,66
SHP_L5_0_B3,45.154789,17.991161,67
SHP_L5_0_B3,45.154666,17.990796,68
SHP_L5_0_B3,45.153895,17.988849,69
SHP_L5_0_B3,45.153089,17.988331,70
SHP_L5_0_B3,45.153006,17.988243,71
SHP_L5_0_B3,45.152983,17.988127,72
SHP_L5_0_B3,45.153006,17.987653,73
SHP_L5_0_B3,45.152918,17.987604,74
SHP_L5_0_B3,45.151180,17.987092,75
SHP_L5_0_B3,45.150596,17.990378,76
SHP_L5_0_B3,45.150259,17.990930,77
SHP_L5_0_B3,45.149680,17.991773,78
SHP_L5_0_B3,45.149616,17.991518,79
SHP_L5_0_B3,45.148670,17.989710,80
SHP_L5_0_B3,45.147755,17.987921,81
SHP_L5_0_B3,45.145435,17.984150,82
SHP_L5_0_B3,45.145049,17.983627,83
SHP_L5_0_B3,45.141091,17.979408,84
SHP_L5_0_B3,45.141021,17.979333,85
SHP_L5_0_B3,45.140823,17.978965,86
SHP_L5_0_B3,45.140669,17.978834,87
SHP_L5_0_B3,45.139952,17.978163,88
